0 0 0 0 0 0 0 0 0 0 0 0 0 0 0 0 0 0 0 0 0 0 0 0 29 346 170 1 1403 125
0 0 0 0 0 0 0 0 0 0 0 0 0 0 0 0 0 0 0 0 0 0 0 7 58 71 283 14 33 139
0 0 0 0 0 0 0 0 0 0 0 0 0 0 0 0 0 0 0 0 0 0 0 0 0 0 0 509 14 19
0 0 0 0 0 0 0 0 0 0 0 0 0 0 0 0 7 72 91 1 145 140 68 1 284 961 8 1404 145 1405
0 0 0 0 0 0 0 0 0 0 0 0 0 0 0 0 0 0 0 394 6 962 4 1406 963 146 40 216 27 132
0 0 0 0 0 0 0 0 0 0 0 0 0 0 0 0 0 603 64 747 35 964 18 604 451 11 42 4 60 965
0 0 0 0 0 0 0 0 0 0 0 0 0 0 0 0 0 0 0 0 0 1407 64 3 308 203 1408 1 285 1409
0 0 11 748 190 452 4 605 3 453 262 242 48 1410 262 20 1 262 87 96 1411 12 510 2 263 17 53 40 1 145
0 0 0 0 0 0 0 0 0 0 0 0 15 749 309 132 454 1412 33 395 2 23 35 966 16 1 59 750 2 24
0 0 0 0 0 0 0 0 0 0 0 0 0 0 0 152 39 25 1413 1 606 191 751 39 25 46 752 84 28 13
0 0 0 0 0 0 0 0 0 0 0 0 0 88 43 54 4 1414 1415 607 3 967 97 9 1 396 1416 511 18 26
0 0 0 0 0 0 0 0 0 0 0 0 0 1 33 968 47 100 308 608 1417 4 1 1418 1419 2 1 1420 8 1421
0 0 0 0 0 0 0 0 0 0 0 0 0 0 0 0 0 0 0 0 0 0 0 0 0 0 455 10 512 24
0 0 0 0 0 0 0 0 0 0 0 0 0 0 0 0 0 0 0 14 6 3 753 283 2 92 126 30 54 139
0 0 0 1 59 286 26 609 9 754 1 1422 603 755 20 1 456 756 17 513 84 1 310 18 23 757 28 1 1423 311
0 0 0 0 0 0 0 0 0 20 1 347 18 31 969 2 7 1424 6 11 6 35 312 2 11 287 41 132 68 758
0 0 0 0 0 7 32 43 759 77 457 9 3 33 12 122 217 243 7 105 77 348 1425 2 514 2 7 313 349 11
0 0 0 0 0 0 0 0 0 0 0 0 0 0 0 0 0 14 5 31 1426 101 100 3 133 610 1427 2 162 314
20 46 85 106 970 350 27 611 397 971 68 12 612 9 18 760 46 40 171 192 47 19 37 11 5 40 1 761 1428 762
0 0 0 0 0 0 0 0 0 0 0 0 0 0 0 0 0 0 0 0 0 134 218 264 613 763 219 171 1432 61
0 0 0 0 0 0 0 0 0 0 0 0 0 0 0 0 0 0 0 0 0 0 0 0 0 0 614 26 398 1433
0 0 0 0 0 0 0 0 0 0 0 0 0 0 0 0 0 0 0 0 0 0 0 972 8 74 21 265 2 26
0 0 0 0 0 0 0 0 0 0 0 0 0 0 7 973 56 3 395 515 2 349 98 140 135 27 62 2 65 163
0 39 13 41 63 351 1434 2 1 1435 244 18 29 2 39 13 141 4 288 27 177 516 1436 399 1437 152 400 136 11 56
0 0 0 0 0 0 0 0 0 0 1438 974 220 1439 4 63 975 1440 1441 51 458 2 976 18 46 178 41 1442 977 978
0 0 0 0 0 0 0 0 0 0 0 0 0 0 0 0 0 0 0 0 20 9 764 615 86 21 66 459 37 245
0 0 0 0 0 0 0 0 0 0 0 0 0 0 0 0 0 0 1 10 6 517 2 1 24 1443 246 219 179 979
0 0 0 0 0 0 0 0 0 0 0 0 0 0 7 765 110 4 14 33 16 99 616 9 153 2 32 48 180 61
0 0 0 0 0 0 0 0 0 0 0 0 0 1444 247 15 32 4 315 87 1445 980 35 18 15 617 55 1 310 23
0 0 0 0 0 0 0 0 0 0 0 0 0 0 0 0 0 0 0 0 0 13 93 72 193 106 171 460 8 1446
0 0 0 0 0 0 0 0 0 0 0 0 0 0 0 0 0 3 352 981 461 1 1447 618 766 619 620 2 1448 1449
28 1 164 621 39 13 21 17 982 767 13 58 181 1450 8 111 18 58 266 13 24 2 221 18 5 28 622 16 983 1451
0 0 0 0 0 0 0 0 0 0 0 0 0 0 0 7 53 1454 127 13 93 22 267 3 78 107 9 267 128 154
0 0 0 0 0 0 0 0 0 0 0 0 0 0 0 0 0 0 0 0 0 769 6 623 624 74 401 173 1455 984
0 0 0 0 0 0 0 0 0 0 0 0 0 0 0 0 0 0 0 0 0 0 0 0 0 0 402 2 94 24
985 127 22 7 770 14 44 204 403 986 194 395 9 1 148 61 2 316 165 55 1 289 97 2 182 87 12 1 195 771
0 0 0 0 0 0 0 0 0 0 0 0 0 0 0 0 0 0 0 0 44 248 17 42 4 751 1456 9 1 10
0 0 0 0 0 0 0 518 13 21 222 12 1 1457 317 8 14 19 2 21 17 12 3 625 14 19 5 3 142 404
0 0 0 0 0 0 0 0 0 9 179 1458 626 14 19 64 987 8 290 4 112 12 106 4 519 1459 45 35 772 1460
0 0 0 0 0 0 0 0 0 0 0 0 0 0 0 0 0 0 0 0 0 0 0 11 5 17 108 9 18 988
0 0 0 0 0 0 0 0 0 405 94 2 1461 79 462 627 628 2 3 223 629 989 16 29 354 629 1 1462 23 773
0 49 1463 174 5 1 1464 16 990 2 137 406 1 224 21 460 268 4 1465 1 166 12 318 35 13 50 4 1466 205 774
0 0 0 0 0 1 269 775 18 143 105 17 1467 52 9 249 28 1 225 67 53 776 1 777 8 1468 40 1 355 356
0 0 0 0 0 0 0 0 39 13 21 1 778 8 357 119 991 179 1469 2 1470 14 5 3 29 19 4 42 2 120
0 0 0 0 0 0 0 0 0 0 0 13 206 22 1 992 779 67 5 47 8 14 463 2 1 780 309 993 9 196
0 0 0 0 0 0 0 0 0 0 0 0 0 0 0 0 0 781 14 19 64 29 24 2 86 2 3 113 94 102
0 0 0 0 0 0 0 0 0 0 0 0 0 0 11 623 12 31 128 520 2 1 291 1471 65 1472 1473 2 464 1474
0 0 0 0 22 82 349 18 1 224 58 42 47 8 60 125 4 30 521 465 1 358 25 21 226 522 16 1475 8 782
0 0 0 0 0 0 0 0 0 0 0 0 0 0 0 0 0 0 0 0 0 0 0 0 14 19 5 35 123 407
0 0 0 0 0 0 0 0 0 0 0 57 91 14 19 37 3 26 227 203 39 13 46 141 4 1476 3 994 8 995
0 0 0 0 0 0 0 0 0 0 7 6 77 197 1477 466 4 523 319 17 4 42 120 68 73 192 47 10 40 38
0 0 0 0 0 0 0 0 0 0 0 0 0 0 0 7 105 22 996 613 467 8 320 2 228 43 1478 35 1479 47
0 0 0 0 0 0 0 0 0 0 0 0 0 0 0 0 0 0 0 0 0 7 6 149 123 229 150 49 1480 230
0 0 0 0 0 0 0 0 0 0 0 0 0 0 0 0 0 0 0 783 64 630 10 2 3 113 250 27 292 86
0 0 0 0 0 0 0 0 0 0 0 0 0 0 0 7 22 204 4 90 359 20 205 97 1 468 155 22 31 524
0 0 0 0 0 0 0 7 6 16 3 469 8 784 360 20 17 231 1 1 785 997 2 15 23 222 16 49 998 28
0 0 0 0 0 0 0 0 0 0 0 0 0 0 0 0 0 0 0 0 0 525 232 470 1 196 15 72 207 18
0 0 0 0 0 0 0 0 0 0 0 0 0 0 0 0 0 3 128 321 20 11 77 999 1 203 28 3 786 761
0 0 0 0 0 0 0 0 0 0 0 0 0 0 0 0 0 0 0 34 964 1000 1481 471 2 109 472 8 1482 140
0 0 0 0 0 0 0 0 0 0 0 0 0 0 0 0 0 0 0 0 0 1001 5 29 115 10 136 1 408 361
0 0 0 0 0 0 0 0 0 0 0 0 0 0 0 0 0 0 0 0 0 0 110 631 2 7 787 4 50 1002
0 0 0 0 0 0 0 0 0 0 0 0 0 0 0 0 0 233 788 14 5 99 8 1 198 129 7 22 85 204
0 0 0 0 0 0 0 0 0 0 0 0 0 205 97 15 632 92 100 3 318 293 9 3 80 73 144 15 32 359
0 0 0 0 0 0 0 0 0 0 0 0 0 0 0 0 0 0 0 0 0 86 65 245 9 14 633 2 1483 1003
0 0 0 0 0 0 0 0 0 0 0 0 0 0 0 0 0 0 0 0 0 0 0 0 0 0 1484 21 1485 65
0 0 0 0 0 0 0 0 0 0 40 1 473 10 4 1 401 102 4 1 94 24 14 1004 195 203 362 1005 3 1006
0 0 0 0 0 0 0 0 0 0 0 0 0 0 0 0 0 0 0 0 1 10 6 53 251 7 57 71 42 54
0 0 0 0 0 0 0 0 0 0 0 0 0 0 0 0 0 0 0 0 0 0 0 0 0 14 244 3 363 526
0 0 0 0 0 0 0 0 0 0 0 0 0 0 0 0 0 0 0 0 162 322 18 11 5 409 1486 67 5 26
0 0 0 0 0 0 0 0 0 0 0 0 0 0 0 0 0 0 0 0 0 0 0 0 0 26 1007 474 3 80
0 0 0 0 0 0 0 0 0 0 0 0 0 0 0 0 0 0 0 0 0 0 0 0 0 0 0 400 1487 11
0 0 0 0 0 0 0 0 0 0 0 0 0 0 0 0 0 0 0 0 0 0 73 1 74 51 1 294 6 26
0 0 0 0 0 0 0 0 0 0 0 0 0 0 11 5 1008 252 40 1 109 364 45 28 2 38 5 83 789 634
0 0 0 0 0 0 0 0 0 0 0 0 0 0 0 0 0 0 0 0 0 0 0 72 26 9 1488 153 1489 790
0 0 0 0 0 0 0 0 0 0 0 0 0 0 1490 5 219 3 635 44 8 1 62 1009 9 270 365 10 12 167
0 0 0 0 0 0 0 0 0 0 0 0 0 0 0 0 0 0 0 0 0 0 0 208 1491 2 14 33 5 47
0 0 0 0 0 0 0 0 0 0 0 0 0 0 0 0 0 0 0 0 0 0 1 10 5 253 41 45 59 1492
0 0 0 0 0 0 0 0 0 0 0 0 0 0 0 0 0 1 183 366 4 30 87 1493 8 234 26 96 156 1494
0 7 6 1495 16 1 791 27 1 80 1010 81 2 116 79 32 4 1496 1011 100 49 965 37 25 1012 367 52 139 2 139
0 0 0 0 0 0 0 0 0 0 0 0 0 0 0 0 0 0 1 209 121 1497 6 34 34 163 368 7 271 323
0 0 0 0 0 0 0 0 0 0 0 0 0 0 0 0 0 11 6 17 475 1498 2 1 396 1499 32 265 792 396
0 0 0 0 0 0 0 0 0 0 0 0 0 0 0 1 636 2 369 5 251 20 1 10 5 55 324 84 9 11
0 0 0 0 0 0 0 0 0 0 0 0 0 0 0 0 0 43 199 56 272 11 637 22 476 1 147 363 1500 1501
0 0 0 0 0 0 0 0 0 0 0 0 0 0 0 0 0 0 0 0 0 0 321 20 108 3 101 27 177 527
0 0 0 0 0 0 0 0 0 0 0 0 0 0 0 0 0 0 0 0 0 0 0 13 235 42 273 16 14 19
0 0 0 0 0 0 0 0 0 0 0 7 32 4 793 31 80 16 3 312 356 8 1502 2 1 24 6 157 48 1013
0 0 0 0 0 0 0 0 0 0 0 0 0 0 0 0 0 0 0 0 184 11 5 1503 65 26 4 17 1504 11
0 0 0 0 0 0 0 0 0 0 0 40 1 274 24 4 1 370 10 17 4 638 1 1505 1014 1 209 103 6 254
0 0 0 0 0 0 0 0 0 0 0 0 0 0 0 0 0 0 0 1 75 5 1 62 39 13 41 639 1506 75
0 0 0 0 0 0 0 0 0 0 0 0 0 0 0 0 0 0 0 0 0 0 0 0 46 528 63 61 68 154
0 0 0 0 0 0 0 0 0 0 0 0 0 0 0 0 0 0 0 0 0 0 0 0 0 1507 206 101 14 33
0 0 0 0 0 39 13 46 640 1508 641 147 255 1509 79 2 3 129 371 18 968 41 143 5 1015 152 14 5 63 19
44 57 295 1016 50 48 1017 68 642 130 372 15 117 3 1510 158 410 73 192 49 106 9 411 200 2 412 52 1018 69 15
0 0 0 0 0 0 0 0 0 0 0 0 0 0 0 0 0 0 0 0 0 0 0 0 0 31 355 643 6 1511
0 0 0 0 0 0 0 0 0 0 0 0 0 0 0 0 0 0 0 0 0 0 0 0 0 0 0 3 1512 794
0 0 0 0 0 0 0 0 0 0 0 0 0 0 0 0 0 0 0 0 1 1513 8 14 19 21 41 48 1514 1515
0 0 0 0 0 0 0 0 0 0 0 0 0 0 0 0 0 0 0 0 0 42 42 1516 151 319 1517 47 66 11
0 0 0 0 13 93 50 48 95 107 27 98 8 1 182 168 111 28 795 1518 644 9 1 413 8 44 1 1519 140 56
150 190 796 51 1 158 4 192 11 146 15 645 73 286 27 11 414 15 32 229 529 414 4 530 1 269 1520 2 322 52
0 0 0 0 0 0 0 0 0 0 0 0 0 0 0 0 0 0 0 0 0 0 105 30 321 219 3 646 647 107
0 0 0 0 0 0 0 0 0 0 0 0 0 0 0 0 0 0 0 49 456 1521 28 52 531 459 454 1 355 107
0 0 0 0 0 12 358 118 1522 1 19 15 648 133 70 234 27 1 59 2 7 325 1021 1523 131 18 1 10 6 254
0 0 0 0 0 0 0 0 0 0 0 0 0 0 0 0 0 0 0 29 10 26 510 59 29 24 2 48 1524 1022
0 0 0 0 0 0 0 40 649 361 1 1525 23 473 4 1 78 780 1526 16 1527 1023 1024 15 23 1528 51 1 172 1529
0 0 0 0 0 0 0 0 0 0 0 0 0 0 0 0 0 0 7 72 124 9 373 2 1 33 532 318 1 106
0 0 0 0 0 0 0 0 0 0 0 45 3 1025 18 3 113 1026 19 41 1 1027 1028 93 30 35 1530 51 512 24
0 0 0 0 0 0 0 0 0 0 0 0 0 0 0 0 0 0 0 1531 1532 1533 64 3 411 797 59 18 5 296
0 0 0 0 0 0 0 0 0 0 0 0 0 0 0 0 0 650 650 5 31 477 174 195 115 19 1 148 179 798
0 0 0 0 0 0 0 0 0 0 0 0 0 0 0 0 0 0 0 0 0 0 0 0 0 0 0 3 533 651
0 0 0 0 0 0 0 0 0 0 0 0 0 1 394 28 31 98 1029 283 6 35 534 157 18 7 58 71 42 54
0 0 0 0 0 0 0 0 0 0 0 0 0 0 0 0 0 0 0 14 6 44 8 1 62 111 88 85 43 4
0 0 0 0 0 0 0 1 24 6 415 33 652 1534 79 17 34 246 2 7 57 22 416 535 27 3 799 96 14 526
0 0 0 0 0 0 0 0 0 0 0 0 0 0 0 0 0 0 1535 5 219 3 635 44 8 1 1536 1537 12 1538
0 0 0 0 0 0 0 0 0 0 0 0 0 0 0 0 11 6 416 653 18 11 218 131 100 48 293 4 654 52
0 0 0 0 0 0 0 536 478 2 25 1539 28 1 606 1540 25 22 326 12 1 537 152 8 374 1 1030 21 17 1031
0 0 0 0 0 0 0 0 0 0 0 0 0 0 1 1541 1542 417 40 1 207 2 236 8 81 1543 1544 31 172 1545
0 0 0 0 0 0 0 0 0 0 0 0 0 0 0 0 0 0 113 102 1 24 6 34 533 2 1 1546 6 26
0 0 0 0 0 0 0 0 0 0 0 0 0 0 0 0 0 0 0 0 0 0 0 0 0 17 327 16 1 10
0 0 0 0 0 0 0 0 0 0 0 0 0 0 0 0 0 0 0 0 0 0 0 0 11 5 126 193 2 538
0 0 0 0 0 479 25 112 1 539 55 460 8 320 57 13 41 980 1 24 6 26 2 209 34 800 4 19 4 120
0 0 0 0 0 0 0 0 0 0 0 0 0 0 0 0 0 0 0 0 540 1547 21 1 291 510 9 375 541 655
0 0 0 0 0 0 0 0 0 0 0 0 0 0 0 0 0 0 0 1 418 328 2 376 21 1 62 656 85 32
0 0 0 0 0 0 0 0 0 0 0 0 0 0 0 25 1548 41 25 801 131 16 329 1032 657 41 1 1549 542 1550
0 0 0 0 0 0 0 0 0 0 0 0 0 0 0 0 0 0 51 134 61 25 605 11 159 2 1551 3 377 1552
0 0 0 0 0 0 0 0 0 0 0 0 0 0 0 0 0 0 92 108 1 658 360 4 169 1033 2 1004 1553 1554
0 0 0 0 0 0 1 250 5 1555 2 1556 16 419 1557 1034 28 1 236 317 8 1 210 1033 67 21 29 9 3 227
0 0 0 0 0 0 0 0 0 0 0 0 0 0 0 0 0 0 0 0 0 1 10 5 1558 2 1 121 5 1559
0 0 0 0 0 0 0 0 0 0 0 0 0 0 0 0 0 0 0 0 0 0 0 0 0 0 0 7 543 14
0 0 0 0 0 0 0 0 0 0 0 0 0 0 0 0 143 17 76 324 256 544 659 1035 20 185 660 5 1560 104
0 0 0 0 0 0 0 0 0 0 0 0 0 0 0 0 0 0 0 0 0 1 130 21 180 2 318 201 1036 1037
0 0 0 0 1038 2 1561 475 45 1562 28 420 480 545 1039 1040 5 72 34 1041 12 10 147 4 1 123 1563 2 1564 783
10 6 481 51 3 1565 17 158 15 117 83 173 661 9 1 297 49 320 2 74 467 1566 421 49 355 107 69 15 57 22
0 0 0 0 0 0 0 0 25 513 1 330 59 20 22 802 130 18 21 1567 16 1568 2 1569 1570 20 25 112 413 13
0 0 0 0 0 0 0 0 0 0 0 0 0 0 0 0 0 0 0 0 0 0 0 0 0 33 6 1042 2 1571
0 0 0 0 0 0 0 0 0 0 0 0 0 0 0 0 11 331 1043 1 1044 20 7 72 410 202 54 9 1 10
0 0 0 0 0 0 0 0 0 0 0 0 0 0 0 0 0 0 0 0 0 0 0 1 484 485 184 6 34 26
0 0 0 0 0 0 0 0 0 0 0 0 0 20 18 211 1 1572 28 1 618 3 803 18 1573 253 7 22 85 32
0 0 0 0 0 0 0 0 0 0 0 0 0 118 1 221 2 102 23 29 1 10 2 24 105 22 43 3 237 89
0 0 0 0 0 0 0 0 0 0 0 0 0 0 0 0 1 33 5 416 109 20 15 23 751 4 50 3 80 546
0 0 0 0 0 0 0 0 0 0 0 0 0 0 0 0 0 0 0 0 0 26 1045 29 1046 750 2 346 77 160
0 0 0 0 0 0 0 0 0 0 0 0 0 0 0 0 0 0 0 0 0 101 60 662 75 16 104 547 68 1047
0 0 0 0 0 0 0 0 0 0 0 0 0 0 0 0 1 422 8 1 484 485 144 321 51 663 1574 5 108 11
0 0 0 0 0 0 0 0 0 0 0 0 0 9 29 212 10 795 13 22 1575 1576 1577 2 664 804 53 3 665 146
0 0 0 0 0 0 0 0 0 0 0 0 0 0 0 0 0 0 0 0 0 0 46 238 219 332 44 161 12 1578
0 0 0 0 0 0 0 0 0 0 0 0 0 0 0 0 0 0 0 0 0 0 113 33 209 16 805 1579 257 250
0 0 0 0 0 0 0 0 0 0 0 0 0 0 0 0 0 0 0 0 25 23 275 401 2 32 3 666 1580 667
0 0 0 0 0 0 0 0 0 0 0 0 0 0 0 0 0 0 0 0 0 0 0 0 17 55 7 466 4 806
0 0 0 0 0 0 0 0 0 0 0 0 0 0 0 0 0 0 0 0 0 0 0 0 0 0 0 13 807 1581
0 0 0 0 0 0 0 0 0 0 0 0 0 0 1582 13 423 3 129 1048 1049 58 30 38 16 147 255 2 29 24
0 0 0 0 0 1583 8 1050 38 21 133 70 68 133 967 70 1584 8 13 1 468 58 192 63 524 2 523 13 668 200
0 0 0 0 0 0 0 0 0 0 0 0 0 0 0 0 0 0 0 0 3 186 5 483 2 1051 21 66 378 548
0 0 0 0 0 0 0 0 0 0 0 0 0 0 0 0 0 0 0 0 0 0 0 0 0 1 79 5 83 1585
0 0 0 0 0 0 0 0 0 0 0 0 0 0 0 0 0 0 1 75 6 481 213 2 1 173 211 73 1586 623
0 0 0 0 0 0 0 0 0 0 0 0 0 0 0 0 0 0 0 0 0 0 22 43 419 97 2 11 71 1587
0 0 0 0 0 0 0 0 0 0 0 0 0 0 0 1588 13 10 16 1 95 529 28 1589 68 60 92 258 74 239
0 0 0 0 0 0 0 0 0 0 0 0 0 0 100 1 240 11 64 82 1052 3 1053 210 103 16 147 10 2 74
0 0 0 0 0 0 0 0 0 0 0 0 0 0 0 0 7 58 22 4 187 14 1590 379 10 526 5 808 31 174
0 0 0 0 0 0 0 0 0 0 0 0 0 0 0 0 0 0 0 0 0 0 0 0 0 333 74 27 292 86
0 0 0 0 0 0 0 0 0 0 0 0 0 0 0 0 0 0 0 0 0 0 0 1 10 5 549 546 2 1591
0 0 0 0 0 0 148 1 158 119 275 52 1592 4 1054 52 12 28 1 310 67 7 57 22 1055 32 7 809 66 131
0 0 0 0 11 334 30 3 214 1056 28 550 20 1 1057 5 26 2 11 5 1 62 365 10 13 58 181 12 1 188
0 0 0 0 0 0 0 0 0 0 0 0 0 0 0 0 0 0 0 7 22 43 4 810 182 97 2 7 41 11
15 325 1058 49 424 37 15 23 1593 1594 51 183 2 1595 669 52 4 106 2 1596 18 23 811 65 123 61 180 15 53 486
0 0 0 0 0 0 0 0 39 7 105 1597 1 70 14 19 57 30 201 1 1598 551 1 75 1599 17 1 62 12 167
0 0 0 0 0 0 0 0 0 0 0 0 0 0 0 0 0 0 0 0 0 0 0 13 58 17 30 812 27 36
0 0 0 0 0 0 0 0 0 0 0 0 0 0 0 0 0 0 0 551 1 10 6 17 368 4 50 813 84 66
0 0 0 0 0 0 0 0 0 0 0 0 0 0 0 0 0 0 0 0 0 0 1 814 425 21 72 17 18 1600
0 0 0 0 0 0 0 0 0 0 0 0 0 0 0 0 94 79 18 156 1059 13 277 63 107 2 1 670 191 16
0 0 0 0 0 0 0 0 0 0 0 0 0 0 0 0 0 0 0 0 0 0 0 0 88 71 43 671 35 1601
0 0 0 0 0 0 0 0 0 0 0 0 0 0 0 409 350 92 37 350 37 7 85 117 38 2 162 3 161 357
0 0 0 0 0 0 0 0 0 0 0 0 0 0 0 0 0 0 0 0 1602 6 3 1603 18 7 335 552 15 1604
0 0 0 0 0 0 0 0 0 0 0 0 0 0 0 0 0 0 0 2 1 86 23 125 4 245 9 55 13 50
0 0 0 0 0 0 0 0 0 0 0 0 0 0 0 0 0 88 553 12 289 9 554 240 2 14 19 64 11 36
0 0 0 0 0 0 0 0 0 0 0 0 0 0 0 0 7 138 4 14 33 815 4 30 380 20 207 816 2 1060
0 0 0 0 0 0 0 0 175 40 1 666 309 555 278 2 1061 1605 116 61 16 48 534 157 24 4 1606 426 135 10
0 0 0 0 0 0 0 0 0 0 0 0 0 0 0 0 0 0 0 0 0 0 0 0 83 817 28 1607 130 144
0 0 0 0 0 0 0 0 1 59 5 646 647 35 30 549 4 818 27 177 1062 819 357 20 11 5 92 108 1608 10
0 0 0 0 0 0 1 79 244 1 1609 68 98 1610 2 7 335 1611 9 24 20 175 232 66 14 19 324 84 9 11
15 247 4 30 820 67 218 318 48 293 2 152 23 299 12 3 245 789 188 12 1 54 73 144 1 422 8 1 300 6
0 0 0 0 0 0 0 0 0 0 0 0 0 0 0 0 0 0 0 0 0 0 672 253 105 30 1063 40 1 1613
0 0 0 0 0 0 0 0 0 0 0 0 0 0 0 0 0 0 0 243 1614 1615 1616 13 2 1617 13 55 4 120
0 0 0 0 0 0 0 0 0 0 0 0 0 0 0 0 0 0 0 0 0 3 1064 89 301 4 42 12 1 169
0 0 0 1 24 6 274 15 32 4 116 9 175 2 315 419 8 284 70 9 1 330 347 151 15 23 1618 4 30 275
0 0 0 0 0 0 148 201 1 183 6 381 1013 1 190 97 15 648 1619 12 3 33 16 480 302 2 117 49 106 273
0 0 0 0 0 0 0 0 0 0 0 0 0 0 0 0 0 0 0 0 241 6 821 2 1 10 155 22 123 427
0 0 0 0 0 0 0 0 0 0 0 0 0 0 0 1 10 5 274 2 209 7 57 22 4 187 509 27 36 748
0 0 0 0 0 0 0 0 0 0 0 0 0 0 0 0 0 0 0 2 9 14 7 32 4 822 47 3 109 1065
1 662 75 6 555 2 1 802 1620 1621 1622 75 15 32 6 1623 16 1624 823 12 1 1066 139 556 11 555 2 1625 1 422
0 0 0 0 0 0 0 0 0 0 0 0 0 0 0 0 0 0 0 0 0 0 0 0 0 0 0 72 34 408
0 0 0 0 0 0 0 0 0 0 0 0 0 0 0 0 0 0 0 0 0 0 0 0 1 428 145 5 180 56
0 0 0 0 0 0 0 0 0 0 0 0 0 0 0 0 0 14 64 117 4 30 44 8 1 98 1067 111 12 673
0 0 0 0 0 0 0 0 0 0 0 0 0 0 0 0 0 0 0 0 0 0 0 0 0 0 0 24 6 402
0 0 0 0 0 0 0 0 0 0 0 0 1626 119 991 14 19 206 30 40 3 284 824 243 1068 429 2 557 21 642
0 0 0 0 0 0 0 0 0 0 0 0 0 0 0 0 0 0 0 0 39 191 12 825 45 108 759 9 298 19
0 0 0 0 0 0 0 0 0 0 0 0 0 0 0 0 0 0 0 0 0 0 0 0 0 25 674 826 9 145
0 0 0 0 0 0 0 0 0 0 0 0 0 0 0 0 15 827 675 14 19 1627 51 1628 2 23 966 16 1 1629
0 0 0 0 0 0 0 0 0 0 0 0 0 0 0 0 0 0 0 0 0 65 142 1 10 211 8 1 330 1630
0 0 0 0 0 0 0 0 0 0 0 0 0 0 0 0 0 0 0 0 45 3 291 19 4 22 3 1631 168 10
0 0 0 0 0 0 0 1 76 347 7 105 50 1632 40 6 44 8 27 177 133 1633 828 159 18 1069 1634 27 31 80
37 15 23 336 222 1 829 10 1 269 1635 4 1636 3 487 8 256 1070 9 1637 47 1 273 1071 9 1638 2 1639 4 131
0 0 0 0 0 15 23 197 16 1 1640 59 8 76 190 558 819 374 164 111 513 378 558 2 676 84 1073 3 1074 1641
0 0 0 0 0 0 0 0 0 0 0 0 0 0 0 0 0 0 0 0 0 0 0 0 24 6 830 94 2 29
0 0 0 0 0 0 0 0 0 1 19 5 1642 96 98 2 1643 1644 326 1645 98 677 2 64 3 132 67 1075 3 638
0 0 0 0 0 0 0 0 0 0 0 0 0 0 0 0 0 0 7 72 124 1 831 1646 67 6 47 8 14 463
0 0 0 0 1 176 21 316 34 109 1 814 21 1647 406 832 118 1 24 5 228 26 1 33 1076 4 45 1648 366 1649
73 150 474 1650 47 51 1 1651 1652 1653 1654 64 1655 139 4 1058 28 256 1656 1657 1658 16 3 678 833 136 9 256 1659 2
0 0 0 0 0 0 0 0 0 0 0 0 25 71 834 52 642 679 514 1660 1077 9 1078 2 1079 49 140 28 1 80
0 0 0 0 0 0 0 0 0 0 0 0 0 0 0 0 0 0 0 15 105 17 835 49 224 836 2 143 514 52
0 0 0 0 0 0 0 0 0 0 46 42 1661 133 70 244 268 9 1 430 103 16 1080 2 3 303 8 774 2 1662
0 0 0 0 0 0 0 0 0 0 0 0 0 0 0 36 1 154 110 242 1 667 1663 1664 8 11 110 4 1 837
0 0 0 0 0 0 0 18 5 3 560 272 15 561 66 483 988 3 166 2 32 4 106 554 140 4 50 3 333 172
0 0 0 0 0 0 0 0 0 0 0 0 0 0 0 0 0 1665 15 1666 300 9 1 838 376 603 755 2 1081 562
0 0 0 0 0 0 0 0 0 0 0 0 0 0 0 0 0 0 1 10 6 17 104 1 814 23 370 2 34 680
0 0 0 0 0 0 0 0 0 0 0 0 0 0 0 0 0 0 0 0 0 14 6 1 198 210 103 88 85 32
0 0 0 0 0 0 0 0 0 0 0 0 0 0 0 0 0 0 0 0 0 0 117 1082 1667 681 16 839 83 840
0 0 0 0 0 0 0 0 0 0 0 0 0 0 0 0 0 0 1 183 6 34 1668 16 52 2 1 10 5 1083
0 0 0 0 0 0 0 0 0 0 0 7 247 9 48 409 1669 173 337 2 1 269 1084 322 81 4 192 31 338 841
0 0 0 0 0 0 0 0 0 0 0 0 0 0 0 322 52 4 563 431 2 69 15 486 143 488 1 80 6 1670
0 0 0 0 0 0 0 0 0 0 0 0 11 5 842 18 83 44 12 1 33 64 171 404 66 68 103 16 398 304
0 0 0 0 0 0 0 0 0 0 0 0 0 0 0 0 0 0 0 0 0 78 346 382 69 236 47 8 1 1085
0 0 0 0 0 0 0 0 0 0 0 0 0 0 316 45 35 383 2 312 13 235 73 682 4 1 357 231 4 13
0 0 0 0 0 0 0 0 0 0 0 0 0 0 0 0 0 0 0 0 0 0 148 110 56 4 277 60 537 1086
0 0 0 0 0 0 0 0 0 0 0 0 0 0 0 0 0 0 0 0 0 0 0 0 0 83 75 1087 9 81
0 0 0 0 0 0 0 0 0 0 0 0 0 0 0 0 0 0 0 0 0 0 0 0 0 0 843 30 54 489
7 46 165 119 25 295 25 21 20 25 22 83 1671 9 1 1088 8 1 195 85 272 25 637 60 1672 231 490 2 1673 312
0 0 0 0 0 0 0 0 0 0 0 0 0 0 118 15 683 564 1 10 11 6 846 4 1674 565 1 80 9 424
0 0 0 0 0 0 0 0 0 0 0 0 0 0 0 0 121 2 147 8 255 1675 58 384 52 40 556 3 305 283
0 0 0 0 0 0 0 0 0 0 0 0 0 0 0 0 0 0 0 0 0 0 0 0 0 11 6 149 408 65
0 0 0 0 0 0 0 0 0 0 0 0 0 0 0 0 0 0 0 0 0 0 0 0 0 0 0 101 1 1676
0 0 0 0 0 0 0 0 0 0 0 0 0 0 0 0 0 0 45 77 72 1 24 5 26 2 1 224 21 94
0 0 0 0 0 0 0 0 0 0 0 0 0 0 0 0 0 0 0 0 39 13 141 4 432 99 154 46 42 56
7 335 1677 122 4 1 188 2 204 433 3 1678 28 1089 2 6 197 16 1 24 2 7 385 1 10 6 1679 2 28 1
144 1 1090 262 334 178 41 3 1680 4 120 16 666 822 491 1681 47 8 1 262 11 5 92 108 1 121 13 288 9 131
0 0 0 0 0 0 0 37 3 398 1682 88 553 12 1 1683 188 9 100 1684 240 20 7 6 53 35 684 27 14 19
0 0 0 0 0 0 0 0 0 0 0 0 0 0 0 1 346 22 48 296 172 16 3 517 1685 205 1091 414 17 1686
0 0 0 0 0 0 0 0 0 0 0 0 0 0 0 0 0 0 0 0 0 0 0 0 0 0 101 1 1687 376
0 0 0 0 0 0 0 0 0 0 1 1092 5 259 20 1 10 5 254 1 24 5 653 2 1688 1689 66 175 279 105
0 0 0 0 0 0 0 0 0 0 0 0 0 0 0 0 0 0 0 0 0 0 15 53 973 27 847 2 23 812
0 0 0 0 0 0 0 0 0 0 0 0 0 0 0 0 0 13 93 685 280 119 13 21 16 71 640 22 3 424
0 0 0 0 0 0 0 0 0 0 0 0 0 0 0 0 0 0 0 0 0 0 0 0 14 19 5 3 29 1690
0 0 0 0 0 0 0 0 0 0 0 0 0 0 0 0 0 0 0 0 0 0 0 129 211 249 566 9 1 121
0 0 0 0 0 0 0 0 0 0 0 0 0 0 0 0 0 0 0 0 7 32 1 848 115 2 1 679 23 1691
0 0 0 0 0 0 0 0 0 0 0 0 0 0 0 0 0 15 22 43 4 1093 182 97 2 305 226 9 26 615
0 0 0 0 0 0 0 0 0 0 0 0 0 0 0 0 0 0 0 0 0 0 0 0 0 0 0 0 95 103
0 0 0 0 0 0 0 0 0 0 0 0 1 10 6 77 26 7 32 1 1094 260 2 11 6 44 8 1 62 85
0 0 0 0 0 0 0 0 0 0 0 0 0 0 0 0 386 119 85 1095 27 3 115 33 5 12 9 3 377 567
0 0 0 0 0 0 0 0 0 0 0 0 0 0 44 8 1 87 270 1692 111 12 1 52 126 1 62 12 849 663
0 0 0 0 0 0 0 0 0 0 0 0 0 0 0 0 0 0 0 0 0 0 0 0 0 0 0 0 83 1096
0 0 0 0 0 0 0 15 124 1 137 1693 20 55 15 117 23 3 352 109 1097 8 137 36 568 686 2 28 1 1098
0 0 0 0 0 0 0 0 1 59 1099 176 23 73 1100 96 151 3 1694 166 6 687 1101 1695 3 1696 145 166 1102 427
0 0 0 0 0 0 0 0 0 0 0 0 0 0 0 0 0 0 0 0 35 1697 18 13 235 1698 131 12 3 850
0 0 0 0 0 0 0 0 0 0 0 0 0 0 0 0 0 0 0 184 7 112 17 339 1 1699 851 66 14 33
1 24 5 1700 194 61 7 6 38 2 7 112 852 1 194 61 15 23 322 18 25 1020 49 80 35 15 57 22 4 238
0 0 0 0 0 0 0 0 0 0 0 0 0 0 0 0 0 0 0 0 0 0 0 0 0 0 79 5 34 853
0 0 0 0 0 0 0 0 0 0 0 0 0 0 0 0 0 0 0 0 0 0 0 0 0 0 0 0 178 841
0 0 0 0 0 0 0 0 0 0 0 0 0 0 0 0 15 32 1 1701 67 23 29 2 3 1103 166 18 6 29
0 0 0 0 0 0 0 0 0 0 0 0 0 0 0 0 0 0 0 0 0 0 0 0 0 75 6 3 128 555
0 0 0 0 0 24 5 215 1702 49 326 6 1703 1104 200 367 49 569 2 1 1105 1106 1704 2 1107 1069 52 1705 8 1706
0 0 0 0 0 0 0 0 0 0 0 0 0 0 0 0 0 0 0 0 432 570 1 61 2 854 2 461 14 44
0 0 0 0 0 0 0 0 0 0 0 0 0 0 0 0 24 5 94 2 71 32 3 560 855 12 2 474 3 80
0 0 0 0 0 0 0 0 0 0 0 0 0 0 0 0 0 14 5 3 223 19 28 36 856 1108 382 363 1707 154
0 0 0 0 0 0 0 0 0 0 0 0 0 0 0 0 0 0 0 150 36 18 25 688 4 81 66 1 109 571
0 0 0 0 0 0 0 0 0 0 0 0 0 0 0 0 0 0 0 0 0 0 0 0 0 0 0 0 0 1708
0 0 0 0 0 0 0 0 0 0 0 0 0 0 0 0 0 0 0 0 0 0 1 612 21 429 557 2 125 306
0 0 0 0 0 0 0 0 0 0 0 0 0 0 0 0 0 0 0 0 0 0 0 0 0 3 261 567 36 159
0 0 0 0 0 0 0 0 0 0 0 0 0 0 0 0 0 0 212 340 21 809 9 1709 1710 12 857 4 1 1711
0 0 0 0 0 0 0 0 0 0 0 0 0 0 0 0 0 0 0 0 7 57 126 91 603 39 13 41 115 304
0 0 0 0 0 0 0 0 0 0 0 0 0 0 0 0 0 0 0 215 470 5 1 418 428 1712 341 2 1090 341
0 0 0 0 0 0 0 0 0 0 0 0 0 0 0 0 0 0 0 492 90 3 569 39 13 1109 199 4 384 11
0 0 0 0 0 0 0 0 0 0 0 0 0 0 0 0 0 0 0 0 0 0 0 0 0 0 0 7 1713 91
0 0 0 0 0 0 0 0 0 0 0 0 0 0 0 0 0 0 0 0 7 335 381 1110 28 14 19 11 5 1714
0 0 0 0 0 0 0 0 0 0 0 0 0 0 0 0 24 6 434 32 4 116 4 106 2 50 10 479 17 383
0 0 0 0 0 0 0 0 0 0 0 0 0 0 0 0 0 0 0 0 0 0 0 0 0 0 11 5 17 1111
0 0 0 0 0 0 0 0 31 616 32 4 116 264 48 293 9 373 76 4 1715 18 55 25 117 6 17 55 25 124
0 0 0 0 0 0 0 0 0 0 0 0 0 0 0 0 0 0 0 0 0 0 0 0 0 0 1 10 6 29
0 0 0 0 0 0 0 0 0 0 0 0 46 323 4 563 276 631 144 38 21 76 3 352 302 2 25 21 82 229
0 0 0 0 0 0 0 0 0 0 0 0 0 0 0 0 0 0 0 0 0 0 39 13 354 311 1 195 46 1112
0 0 0 0 0 0 0 0 0 0 0 0 0 0 0 0 0 29 10 27 292 86 324 9 48 572 18 235 30 1006
0 0 0 0 0 0 0 0 45 89 96 179 28 1 1716 8 1717 19 16 1718 610 329 1719 1720 13 12 1 1113 36 161
0 0 0 0 1114 39 191 12 1 195 4 120 26 10 7 410 528 31 61 332 4 181 368 416 42 565 1 364 4 1721
0 0 0 0 0 0 0 0 0 0 0 0 0 0 25 21 226 383 28 1 550 20 25 21 689 2 1722 16 60 24
0 0 0 0 0 0 0 0 0 0 0 0 0 15 1723 28 1 665 8 1724 1 19 286 113 16 70 858 859 60 860
0 0 0 0 0 0 0 0 0 0 0 0 0 0 0 0 0 0 0 0 382 493 137 1115 2 1 1116 2 1 1725
0 0 0 0 0 0 0 0 0 0 0 0 0 0 0 0 0 0 0 0 0 0 0 14 33 425 4 30 149 333
0 0 0 0 0 0 0 0 0 0 0 0 0 0 0 0 0 0 0 0 0 0 0 0 0 1 75 56 5 78
0 0 0 0 0 0 0 0 0 0 0 0 0 0 0 0 0 0 0 0 0 63 154 105 767 30 89 482 841 431
0 0 0 0 0 0 0 0 0 0 0 0 0 0 0 0 0 0 0 0 0 0 0 75 5 517 37 5 659 297
0 0 0 0 0 0 0 0 0 0 0 0 0 7 112 17 91 153 310 53 114 11 1726 1 330 16 164 453 212 33
0 0 0 0 0 0 0 0 0 0 0 0 99 8 1 1727 861 81 2 682 4 1 1728 573 164 97 604 1729 31 106
0 0 0 0 88 43 4 182 115 111 12 849 151 2 1730 5 51 252 1 62 115 10 88 32 609 9 31 1731 8 374
0 0 0 0 0 0 0 7 22 43 690 36 8 1 475 27 1 1117 1118 9 100 554 240 316 2 7 22 71 43 197
0 0 0 0 0 0 0 0 0 0 0 0 0 0 0 0 0 0 0 0 0 0 0 14 5 99 77 26 408 129
0 0 0 0 0 0 0 0 0 0 0 0 0 0 0 0 0 0 0 0 0 0 0 35 1119 52 47 6 281 1732
0 0 0 0 0 0 0 0 0 0 0 0 0 0 0 0 0 0 0 0 0 0 0 1 19 5 3 237 8 407
0 0 0 0 0 0 0 0 0 0 0 0 0 0 0 0 0 15 82 42 38 28 1 550 2 238 691 229 2 574
0 0 0 0 0 0 0 0 0 0 0 0 0 0 0 0 0 0 45 3 29 19 4 433 84 3 265 153 68 134
0 0 0 0 0 0 0 0 0 0 0 0 0 0 0 0 0 0 0 0 0 0 0 0 0 0 0 50 11 1120
0 0 0 0 0 0 0 0 0 0 0 0 0 0 0 0 0 0 0 0 0 0 0 0 0 0 0 0 215 470
0 0 0 0 0 0 0 0 0 0 0 0 0 0 0 0 0 0 0 0 0 7 287 37 144 7 23 222 12 1733
0 0 0 0 0 0 0 0 0 0 0 0 0 1 70 18 290 38 21 82 35 94 13 559 13 21 12 122 217 575
0 0 0 0 0 0 0 0 0 0 0 0 0 0 49 174 107 5 3 1734 75 1 494 278 2 3 26 399 8 74
0 0 0 0 0 0 0 0 0 0 0 0 0 1 10 5 78 40 1 310 4 1 453 1735 1 140 21 71 3 567
0 0 0 0 0 0 0 0 0 0 0 0 0 0 0 0 0 0 0 0 1 70 12 1 33 23 149 1121 2 312
1 22 100 516 284 529 4 513 1736 1737 35 18 170 31 342 34 435 2 1 10 6 78 39 7 206 91 3 166 11 206
0 0 0 0 0 0 0 0 0 0 228 171 1740 66 1 225 23 1741 51 1 1742 1743 8 1744 67 23 1745 8 1 494
0 0 0 0 0 0 0 0 0 0 0 0 0 15 155 73 280 3 59 37 49 158 1746 205 1 310 2 1 285 140
0 0 0 0 0 0 53 46 192 1 654 1747 1 132 2 1 54 318 8 1 33 7 648 3 1748 50 1749 1750 336 38
1751 5 3 29 19 4 562 242 1752 69 13 423 99 77 160 10 28 1 265 400 1122 22 854 1753 1 495 8 10 13 50
0 0 0 0 0 0 0 0 0 0 0 0 0 0 0 0 0 0 1 1754 542 297 193 6 557 35 6 1 436 1755
0 0 0 0 0 0 0 0 0 0 0 0 0 0 0 0 0 0 0 0 0 0 26 9 863 134 16 1756 2 1757
0 0 0 0 0 0 0 0 0 0 0 0 0 0 0 0 0 1 10 6 512 65 577 68 65 687 2 1 176 307
0 0 0 0 0 0 0 0 0 0 0 0 0 0 0 0 0 0 0 0 0 0 0 0 0 0 58 71 30 54
0 0 0 0 0 0 0 0 0 0 0 0 0 0 0 0 0 0 1758 5 55 692 860 1123 4 30 69 25 1759 84
0 0 0 0 0 0 0 0 0 0 0 118 162 17 496 18 14 1760 36 1 1761 5 1 460 8 1124 18 1762 753 338
0 0 0 0 0 0 0 0 0 0 0 0 0 0 0 0 0 0 7 22 43 4 1763 459 2 205 97 23 34 455
0 0 0 0 0 0 0 0 0 0 0 0 1 1764 260 1102 427 2 1 255 6 551 17 37 92 549 37 12 1 367
0 0 0 0 0 0 0 0 0 0 0 0 0 0 0 0 0 0 0 0 0 25 72 112 3 29 864 9 33 395
0 0 0 0 0 0 0 0 0 0 0 0 0 0 0 0 0 0 0 0 0 20 25 46 22 3 850 67 5 1765
0 0 0 0 0 0 0 0 0 0 0 0 0 0 0 0 0 0 0 36 31 616 23 684 27 127 109 1 166 6
0 0 0 0 0 0 0 0 0 0 0 0 0 0 0 0 0 1 10 437 6 53 251 253 566 20 1 24 6 387
0 0 0 0 0 0 0 0 0 0 0 0 0 39 13 141 1766 212 10 16 63 1125 821 1767 624 241 14 5 63 19
0 0 0 0 0 0 0 0 0 0 0 0 0 0 0 0 0 0 0 0 14 19 206 22 413 1 438 1768 4 1769
0 0 0 0 0 0 0 0 0 1 102 5 29 39 63 234 9 3 1770 54 865 2 48 408 125 4 818 3 844 1126
0 0 0 0 0 0 0 0 0 0 0 0 0 0 0 0 0 0 0 0 0 0 0 0 0 0 55 3 29 19
0 0 0 0 0 0 0 0 0 0 0 0 0 0 0 0 0 0 0 1 158 156 1127 320 28 31 621 2 693 146
0 0 0 0 0 0 0 0 0 0 0 0 0 0 0 0 0 0 0 0 0 0 0 0 0 866 432 570 1 1771
0 0 0 0 0 0 0 0 0 0 0 0 0 0 0 0 0 1 189 1128 23 213 12 1 1066 2 1 620 23 867
0 0 0 0 0 0 0 0 0 0 0 0 0 0 36 1 70 18 7 388 38 42 54 28 60 544 2 388 60 216
0 0 0 0 0 0 0 0 0 0 0 0 0 0 0 0 0 0 0 0 1 10 6 1772 241 821 2 1 657 694
0 0 0 656 43 1773 371 1774 10 159 122 217 9 411 240 2 118 1775 805 256 1776 16 627 628 22 170 52 305 2 305
0 0 0 0 0 0 0 0 0 0 0 0 0 0 0 0 0 0 0 0 0 7 335 868 31 430 643 54 231 61
7 335 684 51 1 415 439 7 181 14 19 4 30 1777 257 12 48 188 1778 16 257 29 86 29 102 26 24 2 3 223
0 0 0 0 0 0 0 0 0 0 0 0 0 0 0 0 0 0 0 0 0 536 2 45 65 307 9 1779 16 1780
0 0 0 0 0 0 0 0 0 0 0 0 0 36 1 361 2 458 23 462 1 343 6 520 1781 2 1 297 6 78
0 0 0 0 0 0 0 0 0 0 0 0 0 0 0 0 0 0 0 45 3 416 633 2 522 33 2 11 1782 869
0 0 0 0 0 0 0 0 0 0 0 0 0 0 0 0 0 0 0 0 0 9 1 147 8 10 3 128 65 163
0 0 0 0 0 0 0 0 0 0 0 0 0 0 0 0 0 0 1783 428 1784 21 26 2 228 1785 4 181 12 167
184 12 1 845 8 1786 11 366 1 578 64 1099 2 1 29 261 490 64 43 1787 9 3 294 785 1788 437 8 1 568 259
0 0 0 0 0 0 0 0 0 0 0 0 0 0 0 0 0 0 0 0 0 0 0 0 0 0 0 55 3 870
0 0 0 0 0 0 0 0 0 0 0 0 0 0 0 16 1 1129 190 871 146 15 32 3 78 107 12 3 308 300
0 0 0 0 0 0 0 0 0 0 0 0 0 0 150 77 859 1130 27 1 132 15 486 276 27 3 80 2 32 134
0 0 0 0 0 0 0 0 0 0 0 0 0 0 0 0 0 0 0 88 43 4 798 459 2 7 58 71 42 139
0 0 0 0 0 0 0 0 0 0 0 0 0 0 0 0 872 68 1131 396 21 1790 2 1791 245 315 9 452 1792 309
0 0 0 0 0 0 0 0 0 0 0 0 0 0 0 0 0 0 0 0 0 0 0 36 1793 481 236 4 1 490
0 0 0 0 0 0 0 0 0 0 0 0 0 0 0 0 0 0 0 0 0 0 1 579 519 1794 4 36 63 873
0 0 0 0 0 0 0 0 0 0 0 0 0 0 0 0 0 0 1795 1796 47 16 48 695 874 8 365 2 168 1132
0 0 0 0 0 0 0 0 1117 1118 5 51 252 44 8 1 62 301 12 167 4 90 122 216 2 835 84 16 329 1133
0 0 0 0 0 0 0 0 0 0 0 0 0 0 0 0 0 0 0 0 0 0 0 0 14 19 6 17 36 18
0 0 0 0 0 0 0 0 0 0 0 0 0 0 0 0 1797 28 14 161 1 19 6 1134 51 696 420 317 1798 1799
0 0 0 0 0 0 0 0 0 0 0 0 0 0 0 0 0 0 0 0 0 7 136 2 7 165 1800 10 51 1801
0 0 0 0 0 0 0 0 0 0 0 0 0 185 61 12 122 217 7 90 11 3 440 4 283 33 1135 28 1802 364
0 0 0 0 0 0 0 0 0 0 0 0 0 31 540 174 5 48 175 441 16 1803 1804 20 36 1 1805 21 1806 26
0 0 0 0 0 0 0 0 7 1807 120 3 497 1136 37 78 37 1808 458 21 77 113 1137 16 1809 2 452 1810 1811 823
0 0 0 0 0 0 0 0 0 39 13 21 12 1 188 101 1 441 1812 28 1813 364 67 5 378 871 146 28 1089 1138
32 15 43 1814 7 105 339 243 25 23 417 40 20 15 32 43 38 442 96 48 293 2 25 645 73 834 52 3 282 414
0 0 0 0 0 0 0 0 0 0 0 0 0 0 0 37 123 37 7 41 1 10 38 7 235 388 498 4 42 54
0 0 0 0 0 0 0 0 0 0 0 0 0 0 0 0 0 0 0 0 0 0 162 17 1815 20 11 6 156 1816
0 0 0 0 0 0 0 0 0 0 0 0 0 0 0 0 0 0 0 0 0 0 791 10 27 627 86 5 3 1817
0 0 0 0 0 0 0 0 0 0 0 0 0 0 0 0 0 0 0 0 0 0 0 0 1818 1819 5 3 1820 1821
0 0 0 0 0 0 0 0 0 0 0 0 0 0 0 0 0 0 0 0 0 0 0 0 0 0 0 0 270 627
0 0 0 1 10 5 1822 1139 16 3 34 1823 697 67 58 1824 1825 84 764 13 348 41 222 1050 45 28 1 59 68 17
0 0 0 0 0 0 0 0 0 0 0 0 0 0 0 0 0 0 0 0 0 0 0 0 0 1 10 6 281 254
0 0 0 0 0 0 0 0 0 0 0 0 0 0 0 0 0 0 7 295 18 11 5 281 1826 2 92 1827 338 1828
0 0 0 0 0 0 0 0 0 0 0 0 0 0 0 0 0 0 0 0 0 7 22 71 43 197 12 1 580 836
0 0 0 0 0 0 0 0 0 0 0 0 0 0 7 156 412 1829 298 499 151 1140 14 20 1 477 283 6 73 698
150 1830 66 1 137 166 1 269 138 100 4 523 52 18 83 44 32 85 688 151 2 18 15 53 155 165 55 1 166 6
0 0 0 0 0 0 0 0 0 0 0 0 0 0 0 0 7 423 27 177 208 341 4 30 229 2 263 27 177 1831
0 0 0 0 0 0 0 0 0 0 0 0 0 0 0 0 0 0 0 0 0 0 0 0 1 1022 5 863 2 259
0 0 0 0 0 0 0 0 0 0 0 0 0 0 0 0 0 0 0 0 0 0 143 699 829 24 2 64 83 1832
0 0 0 0 0 0 0 31 875 2 7 110 38 4 1833 31 700 1 164 161 2 36 7 93 187 5 18 11 6 1142
0 0 0 0 0 0 0 0 0 0 0 0 1 224 23 17 246 609 18 1 225 876 84 28 1 80 151 15 23 1143
0 0 0 0 0 0 0 650 650 5 44 8 375 500 195 677 243 13 165 13 58 82 22 3 26 107 27 3 1144 121
0 0 0 0 0 0 0 0 0 0 0 0 0 0 0 0 0 0 0 0 0 0 0 0 0 0 0 11 6 254
0 0 0 0 0 0 0 0 0 0 0 0 0 0 1145 81 11 58 30 29 2 36 8 11 58 30 1834 12 83 61
0 0 0 0 0 0 0 0 0 0 0 0 0 0 0 0 0 0 0 0 0 0 0 1835 1 10 437 5 149 26
0 0 0 0 0 0 0 0 0 0 0 0 0 0 0 0 0 0 0 0 0 0 0 0 0 410 1836 11 9 134
0 0 0 0 0 0 0 0 0 0 0 0 0 0 0 0 0 0 0 0 0 0 0 17 268 877 51 1 294 397
0 0 0 0 0 0 0 0 0 0 0 0 0 0 0 0 0 0 0 0 0 0 1010 14 701 133 1837 21 1012 12
0 0 0 0 0 0 0 0 0 0 0 0 0 0 62 8 36 5 1 401 1057 1 579 5 405 94 2 24 5 379
0 0 0 0 0 0 0 0 0 0 0 0 0 0 0 0 148 8 36 14 19 5 17 259 37 775 51 1838 1839 702
0 0 0 0 0 0 0 0 0 0 0 0 88 43 38 3 352 97 2 7 406 443 84 336 231 4 99 149 1840 70
0 0 0 0 0 0 0 0 0 0 0 0 0 0 0 0 0 0 0 0 1146 14 5 1 194 61 7 1841 1 1147
0 0 0 0 0 0 0 0 0 0 0 0 0 0 0 0 0 0 25 73 22 3 878 12 1 59 772 879 212 10
0 0 0 0 0 0 0 0 0 0 0 0 0 0 0 0 0 0 0 1842 1085 1843 5 31 433 9 62 75 33 431
0 0 0 0 0 0 0 0 0 0 0 0 0 0 0 0 0 0 0 1 76 560 5 18 1 269 5 3 703 1148
0 0 0 0 0 0 0 0 0 0 0 0 0 0 0 0 0 0 1 186 303 8 1844 1149 1845 384 1 1846 40 1847
0 0 0 0 0 0 0 0 0 0 0 0 0 0 0 0 0 0 0 0 0 0 0 14 5 1 62 347 12 1848
0 0 0 0 0 0 0 9 826 1 98 15 22 85 561 17 73 1849 3 1850 1851 58 85 50 52 54 9 3 753 1150
0 0 0 0 0 0 0 0 0 1 76 1151 7 22 5 16 1 1852 1853 581 119 106 2 1854 1 10 276 1119 13 47
0 0 0 0 0 0 0 0 0 0 0 0 0 0 0 0 0 0 0 31 343 1152 1153 6 44 8 1 198 88 32
0 0 0 0 0 0 0 0 0 0 0 0 0 0 0 0 0 0 0 0 0 0 0 0 0 7 493 1 582 303
0 0 0 0 0 0 0 0 0 0 0 0 0 0 0 0 0 0 0 0 0 0 0 0 0 0 0 36 149 26
0 0 0 0 0 0 0 0 0 0 0 15 1855 41 26 111 2 120 47 226 20 847 6 125 4 163 9 55 15 117
0 0 0 0 0 0 0 0 0 0 1 19 5 3 128 1856 2 28 3 213 444 1 326 51 1 1857 93 30 149 1858
0 0 0 0 1 76 1154 880 4 14 194 440 5 18 37 8 1 227 8 14 1859 1 881 59 704 21 76 757 12 212
0 0 0 0 0 0 0 0 0 0 0 0 0 0 50 63 10 4 42 181 3 1860 2 1155 54 16 3 445 8 882
0 0 0 0 0 0 0 0 0 0 0 0 0 0 0 0 0 0 14 128 19 64 3 705 667 250 2 538 169 86
0 0 0 0 0 0 0 0 0 0 88 247 3 1861 1862 9 3 1863 1864 1156 145 2 279 1157 54 145 2 53 693 146
0 0 0 0 0 0 0 0 0 0 0 0 0 0 0 0 0 0 0 0 0 0 0 0 0 235 116 4 42 54
0 0 0 0 0 0 0 0 0 0 0 0 0 0 0 0 0 0 0 0 0 101 1 189 1128 65 511 1865 2 78
100 1 240 1 883 1866 2 256 1867 22 82 671 81 37 1868 16 36 1 338 14 1869 583 756 11 180 1870 73 1158 4 1871
0 0 0 0 0 0 0 0 0 0 0 0 0 0 0 0 0 0 0 25 1874 4 654 1159 8 378 68 87 28 550
0 0 0 0 0 0 0 0 0 0 0 0 0 0 0 0 0 25 410 73 451 81 1160 31 294 8 74 151 754 298
0 0 0 0 0 0 0 0 0 0 0 0 0 0 0 0 0 0 0 0 0 0 0 0 0 0 223 27 1161 61
0 0 0 0 0 0 0 0 0 0 0 0 0 1875 1 579 5 226 336 12 1 785 80 1876 884 37 25 202 2 42
0 0 0 0 0 0 0 0 0 0 0 0 0 0 0 0 0 0 0 0 0 0 0 0 0 0 0 162 199 54
0 0 0 0 0 0 0 0 0 0 0 0 0 0 0 0 45 3 29 19 9 3 863 227 68 4 1877 1878 9 153
0 0 0 0 0 0 0 0 0 0 0 0 0 0 0 0 0 0 0 0 0 0 0 0 0 0 0 0 45 1026
0 0 0 0 0 0 0 0 0 0 0 0 0 0 0 0 0 0 0 0 0 0 0 0 0 49 10 6 29 65
118 1 483 446 706 5 17 885 163 12 122 217 169 38 5 126 89 10 12 18 706 2 35 707 465 45 1162 102 58 98
0 0 0 0 0 0 0 0 0 0 0 0 0 0 20 1879 4 36 375 18 708 14 1163 30 1164 30 34 1164 8 1880
0 0 0 0 0 0 0 0 0 0 0 0 0 0 0 0 0 0 0 0 0 0 0 0 0 7 77 493 14 19
0 0 0 0 0 0 0 0 0 0 0 0 0 0 0 0 0 0 0 29 346 1045 2 3 26 19 4 752 47 12
0 0 0 0 0 0 0 0 0 0 0 0 0 0 0 0 0 0 0 31 1165 407 2 1165 280 6 77 370 2 680
0 0 0 0 0 0 0 0 0 0 0 0 0 0 0 0 0 0 0 0 0 0 13 22 4 1881 1 24 3 237
0 0 0 0 0 0 0 0 0 0 0 0 0 0 0 0 0 74 239 303 5 26 2 1882 6 1883 681 4 1 501
0 0 0 0 0 0 0 0 0 0 0 0 0 0 0 0 0 1 10 130 2 24 21 808 709 1 62 12 1 169
0 0 0 0 0 0 0 0 0 0 0 0 0 0 575 7 50 142 10 2 142 24 575 7 50 26 26 2 142 24
0 0 0 0 0 0 0 0 0 0 0 0 0 0 0 0 0 0 0 0 0 0 0 0 0 1884 201 4 1 371
0 0 0 0 0 0 0 0 0 0 0 0 0 0 0 0 0 0 0 0 0 0 0 45 710 1 62 107 12 167
0 0 0 0 0 0 0 7 264 1885 4 1166 3 702 114 1 102 6 35 29 2 7 57 543 9 11 65 747 4 383
0 0 0 0 0 0 0 0 0 0 0 0 0 0 0 0 0 0 0 0 0 0 0 0 886 321 20 55 1 1886
0 0 0 0 0 0 0 0 0 0 0 0 0 0 0 0 0 0 0 0 0 0 42 631 2 13 331 141 4 238
0 0 0 0 0 0 0 0 0 0 0 0 0 0 0 0 0 0 0 0 0 0 0 7 178 1167 4 222 56 139
0 0 0 0 788 69 13 1168 55 13 93 22 56 9 153 1887 1888 68 35 182 164 337 1889 12 1 169 38 5 83 1169
0 0 0 0 0 0 0 0 0 0 0 0 0 0 0 0 7 215 91 711 545 1890 9 60 10 1 369 2 223 24
0 0 0 0 0 0 0 0 0 0 0 0 0 0 0 0 0 0 0 0 0 0 0 0 1 355 210 103 6 223
0 0 0 0 0 0 0 0 0 0 0 0 0 0 0 0 0 0 0 0 0 0 0 0 0 72 25 23 411 548
16 35 182 26 111 28 1 1891 7 46 423 306 10 1892 1170 581 119 46 1893 25 290 27 3 1894 791 1895 24 2 578 18
0 0 0 0 0 0 0 0 0 0 0 0 0 0 0 0 0 0 0 0 0 0 45 1896 13 93 120 2 30 435
0 0 0 0 0 0 0 0 0 0 0 0 0 0 0 0 0 0 0 0 0 12 358 133 70 105 77 793 44 445
0 0 0 0 0 0 0 0 0 0 0 0 0 0 0 0 0 0 0 15 58 42 54 185 61 15 21 12 1 169
0 0 0 0 0 0 0 0 0 0 45 48 95 19 4 1897 2 1 10 5 44 8 1 62 12 1 169 8 122 217
0 0 0 0 0 0 0 0 0 0 0 0 0 0 0 0 2 478 1898 1171 5 35 1899 26 2 35 21 36 1 1900
0 0 0 0 0 0 0 0 0 0 0 0 0 0 0 0 0 0 108 1172 1 1901 1138 203 114 11 5 1 1173 713
0 0 0 0 0 0 0 0 0 0 0 0 0 0 0 0 0 0 1 19 5 35 344 2 1 24 5 830 2 1902
0 0 0 0 0 0 0 0 0 0 1174 5 1 260 67 6 66 480 1903 9 1175 862 2 1 1176 243 1175 9 66 1904
0 0 0 0 0 0 0 0 0 0 0 0 0 0 0 0 0 0 0 69 15 207 27 1905 1177 11 6 1056 2 887
0 0 0 0 0 0 0 0 0 0 0 0 0 0 0 13 106 40 3 59 35 13 238 888 41 13 770 1 229 103
0 0 0 0 45 1178 409 1906 4 1 1907 1908 1909 84 28 1910 545 35 889 87 1911 16 1 10 96 714 323 1179 672 104
0 0 0 0 0 0 0 0 0 0 0 0 0 0 0 222 12 1 102 1912 11 20 27 63 1913 45 3 34 455 103
0 0 0 0 0 0 0 0 0 0 0 0 0 0 0 0 86 21 890 4 715 12 2 60 137 1115 1914 5 233 26
0 0 0 0 0 0 0 0 0 0 0 0 0 0 0 0 0 0 0 0 0 0 0 0 0 7 136 1 1915 1916
0 0 0 7 6 3 128 1917 66 810 27 148 45 109 383 2 13 406 22 4 116 28 1918 20 162 552 7 313 204 11
0 0 0 0 0 0 0 0 0 0 0 9 182 70 14 334 17 389 41 1919 115 10 114 98 301 12 167 1109 233 270
0 0 0 0 0 0 0 0 0 0 0 0 0 0 0 0 0 0 0 0 1 260 9 1 1180 6 891 241 2 320
0 0 0 0 0 0 0 0 0 0 0 0 0 0 0 0 0 0 0 0 0 0 0 0 390 252 146 40 14 19
0 0 0 0 0 0 0 0 0 0 0 0 0 0 0 0 0 0 0 0 0 0 0 0 0 0 1181 282 11 47
0 15 22 71 32 171 1920 16 1921 1 107 68 1 571 2 1 10 6 481 546 20 15 354 76 3 352 200 584 40 131
0 0 0 0 0 0 0 0 0 0 0 0 0 0 0 0 0 0 0 0 29 70 716 37 1182 112 1 330 4 13
0 0 0 0 0 0 0 0 0 0 553 12 1922 98 8 31 892 2 385 1 10 6 1041 4 1 1923 608 1924 33 38
0 0 0 0 0 0 0 0 0 0 0 0 0 0 0 0 1 176 21 186 2 1 717 82 651 52 16 3 284 1925
0 0 0 0 0 0 0 0 0 0 0 0 0 893 64 1 198 363 9 154 7 22 718 12 167 100 1 367 190 240
0 0 0 0 0 0 0 0 0 0 0 0 0 0 0 0 0 0 0 0 0 0 1 894 173 27 502 1926 6 89
0 0 0 0 0 0 0 0 0 0 0 0 0 0 0 0 0 0 0 0 0 15 32 3 98 1927 103 27 14 33
0 0 0 0 0 0 0 0 0 0 0 0 0 0 0 0 0 0 0 0 0 0 0 0 0 57 71 42 54 38
0 0 0 0 0 0 0 0 0 0 0 0 0 0 0 0 0 0 0 0 0 0 0 0 0 0 1 10 5 29
0 0 0 0 0 0 0 0 0 0 0 0 0 0 0 0 0 0 0 0 0 0 0 0 282 47 1 719 54 300
0 0 0 0 0 0 0 0 0 0 0 0 0 0 0 0 0 0 0 0 0 0 0 49 456 6 34 521 2 94
0 0 0 0 0 0 0 0 0 0 0 0 0 0 0 3 214 1928 84 38 28 1 1929 40 1 1930 417 40 1 1931
0 0 0 0 0 0 0 0 0 0 0 0 0 0 0 0 0 0 0 0 0 0 0 0 0 0 20 65 252 420
0 0 0 0 0 0 0 0 0 0 0 0 0 0 0 0 0 0 0 0 0 0 0 34 26 24 2 34 26 86
0 0 0 0 0 0 0 34 1002 4 806 18 1932 371 1933 1934 64 820 28 143 519 6 3 641 440 8 60 1935 1936 1937
0 0 0 0 0 0 0 0 0 0 0 0 0 0 0 0 0 0 0 0 0 0 0 1 10 6 53 387 1938 156
0 0 0 0 0 0 0 0 0 0 0 0 0 0 0 0 0 7 787 47 16 3 1939 582 67 6 261 268 9 133
0 0 0 0 0 0 0 0 0 0 0 0 0 0 0 0 0 0 0 0 0 0 0 0 0 77 144 1940 1 1941
0 0 0 0 0 0 0 0 0 0 0 0 0 0 0 0 0 0 0 0 0 0 0 20 1 75 5 125 4 163
0 0 0 0 0 0 11 720 895 4 50 3 530 2 25 264 82 559 4 388 368 479 25 46 559 4 674 13 9 11
0 0 0 0 0 0 0 0 0 0 0 0 0 0 0 1 10 6 426 135 1 24 6 653 38 6 83 369 27 36
0 0 0 0 0 0 0 0 0 0 0 0 0 0 0 0 0 0 0 0 0 1 134 6 251 253 7 57 22 139
0 0 0 0 0 0 0 0 0 0 0 0 0 0 72 114 11 5 35 639 11 1183 213 34 546 2 45 17 18 1184
0 0 0 0 0 0 0 0 0 0 0 0 0 0 0 0 0 0 0 0 0 0 0 0 0 113 643 1942 1185 33
0 0 0 0 0 0 0 0 0 0 0 0 0 0 0 0 0 0 0 0 0 0 0 0 0 123 87 585 258 65
0 0 0 0 0 0 0 0 0 0 0 0 0 0 0 0 0 0 0 0 11 286 41 1186 173 1943 314 228 12 1944
0 0 0 0 0 0 0 0 0 0 0 0 0 0 0 0 0 0 0 0 0 1945 1 629 1187 6 25 23 28 440
0 0 0 0 0 0 0 0 0 0 0 0 0 147 8 10 5 95 2 121 5 265 896 4 619 255 137 497 2 657
0 0 0 0 0 0 0 0 0 0 0 0 0 0 0 0 1 75 5 78 2 1 1946 5 44 8 1 1947 12 167
0 0 0 0 0 0 0 0 0 0 0 0 0 0 0 36 1 1948 897 136 14 19 35 11 324 9 3 407 1949 102
0 0 0 0 0 0 0 0 0 0 0 0 0 0 0 31 342 32 1 1950 376 2 839 1188 2 143 564 36 378 898
0 0 0 0 0 0 0 0 0 0 0 0 0 0 0 0 0 0 0 0 0 0 0 0 0 17 1189 2 34 1951
0 0 0 0 0 0 0 0 0 1 80 231 4 52 247 39 143 1952 1 1953 963 69 60 403 1954 399 8 74 313 586
0 0 0 0 0 0 0 0 0 0 0 0 0 0 0 0 0 0 0 0 0 0 0 0 0 0 0 282 11 47
0 0 0 0 0 0 0 0 0 0 0 0 0 0 0 0 0 0 0 35 31 342 170 84 48 899 35 15 93 238
0 0 0 0 0 0 0 0 0 0 0 0 0 0 0 0 0 0 0 0 0 0 0 7 46 295 7 57 42 139
0 0 0 0 0 0 0 0 0 0 0 1 900 337 5 1190 2 479 11 6 26 11 6 17 1191 268 4 1955 18 121
0 0 0 0 0 0 0 0 0 0 0 0 0 0 0 0 0 14 19 64 182 284 1956 8 75 2 25 21 36 180
0 0 0 0 0 0 0 0 0 0 0 0 0 1 241 28 1 75 5 1957 26 16 547 2 104 1958 2 25 46 1959
0 0 0 0 0 0 0 0 0 0 0 0 8 374 14 102 5 721 20 55 112 13 323 40 3 1190 293 441 19 1114
0 0 0 0 0 0 0 0 0 0 0 0 1960 46 640 1 680 587 1961 98 21 220 18 125 20 11 6 125 65 370
0 0 0 0 0 0 0 0 0 12 1962 4 1963 1192 782 25 23 228 811 606 359 2 1964 302 8 375 588 12 1 1193
0 0 0 0 0 0 0 0 0 0 0 0 0 0 0 0 0 0 0 0 0 0 1 1194 2 102 5 53 37 26
0 0 0 0 0 0 0 0 0 0 0 0 0 15 124 1 193 894 1965 18 6 35 1195 16 1098 11 6 1966 4 120
0 0 0 0 0 0 0 0 0 0 0 0 0 0 0 0 0 0 0 0 0 0 0 0 0 0 0 255 6 1967
0 0 0 0 0 0 0 0 0 0 0 0 1 98 846 347 144 5 1 358 18 1 717 389 4 30 1968 4 1969 1970
0 0 0 0 0 0 0 0 0 0 0 45 72 3 214 8 3 1196 4 50 4 219 3 1971 7 1197 4 354 12 1972
0 0 0 0 0 0 0 0 0 0 0 0 0 0 0 0 0 0 0 0 15 58 305 182 97 9 14 1198 12 589
0 0 0 0 0 0 0 0 0 0 0 0 0 0 0 0 0 0 0 0 0 0 0 0 0 0 0 0 29 181
0 0 0 0 0 0 0 0 0 0 0 0 0 0 0 0 0 0 0 0 0 0 0 1 10 5 29 24 5 251
0 0 0 0 0 0 0 0 0 0 0 0 0 0 1199 5 41 1973 243 319 722 63 524 2 25 21 156 552 13 138
0 0 0 0 0 0 0 0 0 0 0 0 0 0 1 10 286 34 1200 2 78 272 11 138 28 3 723 8 590 1974
0 0 0 0 0 0 0 0 0 0 0 0 0 0 0 0 0 0 14 5 3 614 29 19 4 715 9 153 68 134
0 0 0 0 0 0 0 0 0 0 0 0 759 4 50 47 40 1 213 1201 1975 15 110 242 55 15 385 6 3 1202
0 0 0 0 0 0 0 0 0 0 0 0 0 0 0 0 0 0 0 0 0 0 0 0 106 1 1976 562 45 345
0 0 0 0 0 0 0 0 0 0 0 0 0 0 0 0 0 0 0 0 0 1977 1 1203 27 1 132 5 3 1204
0 0 0 0 0 0 0 0 0 0 0 0 0 0 0 0 0 0 0 0 1 468 5 157 4 1 440 8 179 1978
15 21 34 1205 66 129 2 23 205 866 16 185 353 67 1979 1980 901 193 491 882 1206 724 129 2 341 133 1207 8 471 2
0 0 0 0 0 0 0 0 0 0 0 0 1 102 5 887 2 1 224 21 607 855 159 690 725 37 379 37 25 93
0 0 0 0 0 0 0 0 0 0 0 0 0 0 0 0 0 0 0 0 0 1 121 5 292 479 1 24 5 415
0 0 0 0 0 0 0 0 0 0 0 0 0 0 0 0 0 0 0 0 0 11 218 131 1981 200 4 388 49 230
0 0 0 0 0 0 0 0 0 0 0 0 0 0 0 0 0 0 0 0 0 0 0 7 6 34 197 16 14 33
0 0 0 0 0 0 0 0 0 0 0 0 0 0 0 0 0 0 0 0 0 0 1 62 347 7 391 23 1 1982
0 0 0 0 0 0 0 0 0 12 171 1209 14 5 3 19 843 30 496 4 726 51 139 69 162 12 14 587 8 825
0 0 0 0 0 0 0 0 0 531 11 6 53 48 1983 1984 20 88 718 1 330 16 164 111 35 7 46 1985 267 1210
0 0 0 0 0 0 0 0 0 0 0 0 0 0 0 0 7 136 168 10 2 1986 498 4 30 233 48 1211 28 11
1 140 661 23 591 34 160 2 104 40 1 497 1987 1988 16 1989 186 430 392 4 1 180 1990 839 1188 1 62 2 1212 88
0 0 0 0 0 0 0 0 0 0 0 0 0 0 0 0 0 0 0 0 0 0 20 25 23 65 261 9 1 1991
0 0 0 0 0 0 0 0 0 0 0 0 0 0 0 0 0 0 0 0 0 0 0 0 0 0 824 115 5 29
0 0 0 0 0 0 0 0 0 0 0 0 0 0 0 0 0 1 116 79 5 94 2 1 10 64 1992 89 2 89
0 0 0 0 0 0 0 0 0 0 0 0 0 1213 9 190 467 8 1214 17 65 163 399 8 74 2 190 150 134 130
0 0 0 0 0 0 0 0 0 0 0 0 0 0 0 1215 28 31 1993 28 1 477 61 143 1994 100 81 4 1995 1216
0 0 0 0 0 0 0 0 0 0 0 0 9 36 8 13 122 4 168 10 101 1 1996 262 11 5 3 592 8 1997
0 0 0 0 0 0 0 0 0 0 0 0 0 0 0 0 0 0 0 162 228 1998 18 7 32 4 288 9 512 10
0 0 0 0 0 0 0 0 0 0 0 0 0 0 0 0 0 7 124 1 1217 376 2 1999 230 2 11 6 201 427
0 0 0 0 0 0 0 0 0 0 0 0 0 0 0 16 1 29 723 28 1 59 7 120 56 226 2 71 50 816
0 0 7 32 60 902 1218 9 989 67 23 1 198 12 31 355 892 7 204 2000 1 2001 241 381 18 6 127 2002 11 6
0 0 0 0 0 0 0 0 0 0 0 0 1 436 5 180 889 3 26 74 239 2 1 1219 59 82 699 99 29 1220
0 0 0 0 0 0 0 0 0 0 0 0 0 0 0 0 0 0 0 0 1 446 6 370 2 109 196 6 17 2003
0 0 0 0 0 0 0 0 0 0 45 41 25 218 2004 137 1127 823 2 2005 903 2006 100 11 1 241 6 2007 2 580
0 0 0 0 0 0 0 0 0 0 0 0 0 0 0 0 0 0 92 60 2008 192 9 85 2 1 10 5 406 213
0 0 0 0 0 0 0 0 0 0 0 0 0 0 0 0 0 0 0 0 0 0 0 0 0 0 2009 331 112 11
118 14 244 2010 33 628 1 371 64 593 122 892 4 48 329 304 16 99 77 2011 2 160 140 18 21 2012 168 219 179 594
0 0 0 0 0 0 0 0 0 0 0 0 0 0 0 0 0 0 0 0 0 0 0 0 0 0 0 0 45 78
0 0 0 0 0 0 0 0 0 0 0 0 0 0 0 0 0 0 0 0 0 0 0 0 7 32 1 62 1221 85
0 0 0 0 0 0 0 0 0 0 0 0 0 2014 28 3 283 3 1222 515 7 2015 1 395 151 2016 2 6 2017 197
0 0 0 0 0 0 0 0 0 0 0 0 0 0 0 0 0 0 0 0 0 0 0 0 13 21 671 53 41 2018
0 0 0 0 0 0 0 0 0 0 0 0 194 2019 444 7 204 4 90 359 20 6 322 25 23 2020 18 844 695 20
0 0 0 0 0 0 0 0 0 0 0 0 0 0 0 0 39 13 23 38 69 11 148 637 266 14 33 3 477 499
0 0 0 0 0 0 0 0 0 0 0 0 0 0 0 0 14 33 5 17 108 1 61 904 68 154 4 187 1 177
0 0 0 0 0 0 0 0 0 0 0 0 0 0 2021 8 2022 432 300 9 297 140 2 71 238 503 1223 32 1 803
0 0 0 0 0 0 0 478 25 708 590 447 20 73 590 447 46 90 9 26 75 518 525 722 127 4 50 1 727 236
0 0 0 0 0 0 0 0 0 0 0 0 0 0 0 0 31 2023 1224 6 17 220 27 36 31 216 376 6 381 694
272 11 607 5 3 703 1225 12 1 905 45 3 214 2024 27 148 20 13 50 100 18 34 546 37 489 37 1 94 79 2025
0 0 0 0 0 0 0 0 0 0 0 0 0 0 0 0 0 0 0 0 0 0 0 0 126 17 3 33 4 461
0 0 0 0 0 0 0 0 0 0 0 0 0 0 0 0 0 0 0 0 1 2026 618 196 6 473 2 7 91 11
0 0 0 0 0 0 0 0 0 0 0 7 206 187 45 3 128 321 9 1 10 114 11 6 17 37 566 37 1 1227
0 0 0 0 0 0 0 0 7 124 1 491 1228 2 11 6 2027 12 3 840 2028 2029 243 36 13 105 172 6 1 840
0 0 0 0 0 0 0 4 266 13 48 404 8 127 26 15 385 11 6 15 676 84 199 4 2030 208 550 12 3 2031
0 0 0 0 0 0 0 0 0 0 0 0 0 0 0 0 0 0 0 0 0 0 0 492 112 70 1229 66 1 369
0 0 0 0 0 0 0 0 0 0 0 0 0 0 0 0 0 0 0 148 11 218 52 3 403 61 4 181 1 19
0 0 0 0 0 0 0 0 0 0 0 0 0 0 0 0 0 0 0 0 0 0 1 10 5 163 20 108 185 728
0 0 0 0 0 0 0 0 0 0 0 0 0 0 0 0 0 0 0 7 729 25 57 831 54 4 55 11 6 151
0 0 0 0 0 0 0 0 0 0 0 0 0 0 0 0 0 0 0 0 0 0 0 0 0 7 6 552 7 271
0 0 0 0 0 0 0 0 0 0 0 0 0 0 0 0 0 0 0 0 0 0 0 0 0 0 65 213 4 277
0 0 0 0 0 0 0 0 0 0 0 0 0 0 0 0 0 0 25 46 1151 123 8 573 2032 53 141 4 90 154
0 0 0 0 0 1 906 102 8 336 28 1 1230 716 1 463 42 51 1061 1231 146 28 1232 644 28 3 344 572 6 223
0 0 0 0 0 0 0 0 0 0 0 0 0 0 0 7 57 126 91 810 2 335 556 11 44 8 31 453 195 2033
0 0 0 0 0 0 0 0 0 0 0 0 0 0 0 0 0 0 1 907 6 149 160 2 26 28 3 189 2034 444
0 0 0 0 0 0 0 0 0 0 0 0 0 0 0 0 0 0 0 0 0 0 0 60 2035 21 2036 142 2037 2038
1 1233 8 1 161 6 1 2039 9 31 317 8 908 7 730 40 44 8 1 10 2040 67 5 17 26 595 1 225 6 1191
0 0 0 0 0 0 0 0 0 0 0 0 0 0 0 0 15 23 671 16 909 85 272 1 1234 15 1215 242 1 33
0 0 0 0 0 0 0 0 0 0 0 0 0 0 0 2 2041 1 1046 269 5 1 62 394 7 22 414 4 202 565
0 0 0 0 0 0 0 0 0 0 0 0 0 0 0 0 0 0 25 155 266 52 1 134 193 503 15 247 9 11
0 0 0 0 0 0 0 44 347 7 493 66 14 19 5 18 7 71 287 2042 68 2043 4 266 84 31 80 2044 2045 884
0 0 0 0 0 0 0 0 0 0 0 0 0 0 0 0 0 0 0 0 0 0 0 0 0 0 11 53 211 115
0 0 0 0 0 0 0 0 0 0 0 0 0 0 0 0 0 7 349 1 10 4 30 296 2046 1 376 166 7 32
0 0 0 0 0 0 0 0 0 0 0 0 0 0 1 2047 8 1 33 12 45 2048 1163 21 125 89 96 1 393 178
48 1198 8 2049 10 144 886 2050 226 2051 1 2052 8 122 879 596 304 837 2053 2 2054 2055 2056 5 98 2057 12 1 255 140
0 0 0 0 0 0 0 0 0 0 0 0 0 0 0 0 0 0 0 0 0 1 198 899 9 398 10 88 85 2058
0 0 0 0 0 0 0 0 0 15 156 412 597 571 67 15 22 71 314 465 598 10 2 24 114 15 287 1236 2059 201
0 0 0 0 0 0 0 0 0 0 0 0 0 7 2060 635 7 58 85 715 27 910 1237 68 9 18 760 910 1238 139
0 0 0 0 0 0 0 0 0 0 0 0 0 0 0 0 0 0 0 24 6 72 254 2 1 369 5 17 18 29
0 0 88 2061 2062 40 1019 4 256 1070 18 248 17 22 43 481 12 1 210 188 2 88 43 336 38 118 143 2063 298 448
0 0 0 0 0 0 0 0 0 0 0 0 0 0 0 0 0 0 0 117 3 128 312 150 1037 69 1 526 117 229
0 0 0 0 0 0 0 0 0 0 0 0 0 0 0 0 0 0 0 0 0 0 0 0 0 0 221 911 2 2064
0 0 0 0 0 0 0 69 191 336 12 60 285 210 300 67 64 3 566 2065 245 1239 714 71 165 38 6 3 463 311
0 0 0 0 0 0 0 0 0 0 0 0 0 0 0 0 0 0 0 0 0 0 0 0 0 83 2066 454 33 395
0 0 0 0 0 0 0 0 0 0 0 0 0 0 0 0 0 0 0 0 0 0 0 0 0 0 1 24 5 387
0 0 0 0 0 0 0 0 0 0 0 0 0 0 0 0 0 0 0 0 0 0 0 0 0 0 0 17 108 11
0 0 0 0 0 0 0 0 0 0 0 0 0 0 0 0 39 13 141 26 270 115 14 19 5 17 1 19 4 42
0 0 0 0 0 0 0 0 0 0 0 0 0 0 0 0 0 0 0 53 117 54 40 153 27 2067 2 11 6 95
0 0 0 0 0 0 0 0 0 0 0 0 0 0 0 0 0 0 0 0 0 0 0 0 0 0 0 0 113 363
0 0 0 0 0 0 0 0 7 410 73 22 688 27 36 39 1 10 27 177 391 26 20 1 147 8 10 6 1240 65
0 0 0 0 0 0 0 0 0 0 0 0 0 0 0 0 0 0 1 255 6 17 104 2 1 145 391 329 2 867
0 0 0 0 0 0 0 0 0 0 0 0 0 0 0 0 0 0 0 0 0 0 0 0 0 1 10 316 5 2068
0 0 0 0 0 0 0 0 0 0 0 0 0 0 0 0 0 0 0 478 38 731 30 3 116 39 13 22 83 359
0 0 0 0 0 0 0 0 0 0 0 0 0 0 0 0 14 19 67 5 76 3 352 2069 329 5 1241 2070 912 719
0 0 0 0 0 0 0 0 0 0 0 0 0 7 295 14 57 30 3 149 26 203 39 11 23 17 35 306 2 1067
0 0 0 0 0 0 0 0 0 0 0 0 0 0 0 0 0 0 0 681 16 2071 144 35 13 71 77 348 2072 500
0 0 0 0 1 2073 437 5 17 186 20 366 4 22 419 2074 302 4 1242 186 913 2075 4 432 3 1243 4 120 270 1244
0 0 0 0 0 0 0 0 0 0 0 0 0 0 0 36 15 730 6 48 1017 37 15 207 4 280 49 1245 219 134
0 0 0 0 0 0 0 0 0 0 0 0 0 0 0 0 0 0 0 0 3 29 353 27 171 413 2 3 29 449
0 0 0 0 0 0 0 0 0 0 0 0 0 0 0 98 70 120 38 389 4 30 539 696 420 317 2076 35 30 2077
0 0 0 0 0 0 0 0 0 0 0 55 5 73 89 5 18 1 86 21 34 538 37 92 2 1 10 5 77 26
0 0 0 0 0 0 0 0 0 0 0 0 0 0 0 0 0 0 0 0 0 0 0 0 0 15 207 71 4 305
0 0 0 0 0 0 0 0 0 0 0 0 0 0 0 0 0 0 1 19 437 5 308 1 132 865 366 4 30 1246
0 0 0 0 0 0 0 0 0 0 0 0 0 0 0 0 0 0 0 0 26 303 8 877 1247 40 538 4 245 443
0 0 0 0 0 0 0 0 0 0 0 1 580 2078 997 334 30 591 20 25 112 17 665 201 1 213 1248 40 1 311
0 0 0 0 0 0 0 0 0 0 0 0 0 0 0 0 0 0 14 5 31 174 257 33 12 36 8 122 217 169
0 0 0 0 0 0 0 0 0 0 0 72 46 914 28 669 9 63 174 262 39 45 17 28 1 59 13 235 22 11
0 0 0 0 0 0 0 0 0 0 0 0 0 0 0 0 0 0 0 0 0 0 0 0 0 0 0 0 274 103
0 0 0 0 0 0 0 0 0 0 0 0 0 0 0 0 0 0 0 0 0 0 0 0 0 34 26 2079 37 92
0 0 0 0 0 0 0 0 0 0 0 0 0 0 0 0 0 0 0 0 0 0 2080 2081 909 12 48 781 577 203
0 0 0 397 18 68 1 2082 404 8 2083 206 30 915 3 424 16 1 231 80 118 332 4 1249 2084 96 1 789 28 2085
0 0 0 0 0 0 0 0 0 0 0 0 0 0 0 0 0 0 0 0 0 0 0 17 65 916 66 60 471 917
0 0 0 0 0 0 0 0 0 0 0 0 0 0 0 0 0 0 185 183 2 448 119 2086 51 81 2087 242 31 1250
0 0 0 0 0 0 0 0 0 0 0 0 0 0 0 0 0 0 0 0 0 0 0 221 2 351 2088 67 7 277
0 0 0 0 0 0 0 0 15 586 9 134 815 4 30 327 51 3 19 18 64 48 918 367 20 263 53 11 1 367
0 0 0 0 0 0 0 0 0 0 0 1 75 5 78 25 708 104 1035 372 8 1 265 2089 1186 173 2090 4 98 2091
0 0 0 0 0 0 0 228 390 146 1 80 231 4 52 693 47 150 31 80 2 2092 23 1251 2093 25 23 38 123 2094
0 0 0 0 0 0 0 0 0 0 0 0 0 0 69 143 313 271 143 6 962 4 90 3 2095 2 1252 325 181 1252
0 0 0 0 0 0 0 0 0 0 0 0 0 0 0 0 0 0 0 0 7 206 187 1 1227 8 167 5 35 308
0 0 0 0 0 0 0 0 0 0 0 0 0 0 0 0 0 0 0 0 0 0 0 0 0 0 7 57 215 91
0 0 0 0 0 0 0 0 0 0 0 0 0 0 0 0 0 0 0 0 0 0 0 0 0 53 861 1 1253 2096
1 257 10 64 427 18 93 30 919 8 920 28 1 2097 2 1 24 762 40 3 1254 4 2098 919 8 2099 81 8 1 289
0 0 0 0 44 8 1 2103 70 2104 28 1 33 271 17 50 1 18 99 2105 5 199 28 16 1 59 12 3 2106 125
0 0 0 0 4 30 381 1144 1 76 2107 2108 6 1 10 67 6 475 135 20 325 90 84 9 36 1 164 2109 8 2110
0 0 0 0 0 0 0 0 0 0 0 0 0 0 0 0 0 0 0 0 0 0 20 1 79 6 35 254 4 52
0 0 0 0 0 0 0 0 0 0 0 0 0 0 0 0 0 0 0 0 0 0 0 0 0 7 46 50 11 397
0 0 0 0 0 0 0 0 0 0 0 0 0 0 0 0 0 0 0 0 0 0 0 1 10 5 29 2 585 258
0 0 0 0 0 0 0 0 0 15 110 56 9 153 3 487 8 1255 515 28 3 599 2 7 6 683 327 16 1 10
0 0 0 0 0 0 0 0 0 0 0 0 0 0 0 15 385 18 14 19 5 1256 65 123 8 2111 1132 12 1 732
0 0 0 0 0 0 0 0 0 0 0 0 0 0 0 0 7 124 3 137 1257 166 2 349 18 1 137 6 691 429
0 0 0 0 0 0 0 0 0 0 0 0 0 31 2112 2 7 1258 2113 14 2114 19 1 164 161 2 32 3 29 61
0 0 0 0 0 0 0 0 0 0 0 0 0 0 0 0 0 7 2115 868 216 56 2 7 112 35 185 499 7 50
0 0 0 0 0 0 0 0 0 0 0 0 0 0 0 0 0 0 0 0 0 0 7 136 14 733 159 1 125 422
0 0 0 0 0 0 0 0 0 0 0 0 0 0 0 0 0 0 0 0 0 0 0 0 0 0 0 83 922 530
0 0 0 0 0 0 0 0 0 0 0 0 0 0 0 0 55 7 155 41 6 127 1 10 138 236 150 11 6 124
0 0 0 0 0 0 0 0 0 0 0 0 0 0 0 0 0 0 0 14 5 3 29 115 33 16 3 34 94 79
0 0 0 0 0 0 0 0 0 0 0 0 0 0 0 0 0 0 0 0 0 0 130 117 2116 84 279 1259 923 675
0 0 0 0 0 0 0 0 0 0 0 1 285 2117 4 1 19 5 1 2118 2119 828 11 119 1178 2120 66 1 634 924
0 0 0 0 0 0 0 0 0 0 0 0 0 0 0 31 2121 175 40 1 255 4 1 145 4 1 2122 6 281 180
0 0 0 0 0 0 0 0 0 0 42 38 28 48 421 2123 2 238 888 41 3 692 1260 2124 142 1261 20 13 58 280
0 0 0 0 0 0 0 0 0 0 0 0 0 0 0 0 1 1030 21 734 39 13 21 336 1262 1 905 28 2125 2126
0 0 0 0 0 0 0 0 0 0 414 2127 16 267 157 24 57 71 91 9 386 2128 12 2129 171 460 8 424 118 38
0 0 0 0 0 0 0 0 0 0 0 0 0 0 0 0 0 0 0 15 32 359 27 2130 20 6 17 299 503 2131
1 477 13 584 1263 1 594 2132 41 490 16 70 2133 63 2134 13 50 1 1264 18 13 21 199 4 22 1 210 2135 8 3
0 0 0 0 0 0 0 0 0 0 0 0 0 0 0 0 0 0 0 0 0 0 29 168 10 2 1 24 5 473
0 0 0 0 0 0 0 0 0 0 0 0 0 0 7 22 535 27 182 75 301 159 167 2 14 5 2136 276 1 198
0 0 0 0 0 0 0 0 0 0 0 0 0 0 39 13 141 99 766 562 619 68 137 28 145 16 925 101 131 47
0 0 0 0 0 0 0 0 0 0 0 0 0 0 0 88 43 4 707 459 2 205 97 1 10 6 596 39 17 26
0 0 0 0 0 0 0 0 0 0 0 0 0 0 0 0 0 0 7 6 35 2137 4 1266 1 142 439 14 19 117
0 0 0 0 0 0 0 0 0 0 14 166 5 31 174 2 7 82 50 11 69 7 42 38 2 71 50 2138 8 11
0 0 0 0 0 0 0 0 0 0 0 0 0 0 0 0 0 0 25 23 429 2 2139 7 155 73 1160 31 148 592
0 0 0 0 0 0 0 0 0 0 0 0 0 0 0 0 194 61 7 110 56 1 183 155 202 54 150 811 49 106
0 0 0 0 0 0 0 0 0 0 0 0 0 0 0 0 0 0 0 0 0 0 858 504 51 926 119 165 3 660
0 0 0 0 0 0 0 0 0 0 0 0 0 0 0 0 0 0 0 0 0 0 0 781 26 801 9 350 611 2140
0 0 0 0 0 0 0 0 0 0 0 0 0 0 0 0 0 0 0 0 0 0 0 0 261 2 2141 28 1 311
0 0 0 0 0 0 0 0 0 0 0 0 0 0 0 0 72 1 612 2142 784 155 202 16 249 41 2143 68 3 317
0 0 0 0 0 0 0 0 0 0 0 0 0 0 0 0 0 0 0 0 0 0 26 351 29 10 2144 24 538 86
0 0 0 0 0 0 0 0 0 0 0 0 13 93 156 50 190 458 108 39 2145 192 11 502 2 927 11 4 99 2146
0 0 0 0 0 0 0 0 0 0 0 0 0 0 0 0 0 0 0 73 150 25 1060 81 1 194 61 7 6 38
0 0 0 0 0 0 0 0 0 0 0 0 0 0 0 0 0 0 0 375 341 23 261 20 17 26 2 724 211 104
0 0 0 0 0 0 0 0 0 0 0 0 0 0 0 0 0 0 0 698 8 36 1062 6 2147 1267 4 49 1268 225
0 0 0 0 0 0 0 0 0 0 0 0 0 0 0 0 0 0 0 1 102 5 2148 1 24 2149 2 1 10 2150
0 0 0 0 0 0 0 0 0 0 0 0 0 0 0 0 0 0 0 0 0 0 0 2151 4 1 2152 255 2153 65
0 0 0 0 0 0 0 0 0 0 0 0 0 0 0 0 0 0 0 0 0 1 369 6 113 20 24 211 35 29
0 0 0 0 0 0 0 0 0 0 11 735 30 1 369 114 1 19 5 34 633 2 99 884 22 4 563 12 48 2154
0 0 0 0 0 0 0 0 0 0 0 0 0 0 0 0 0 0 0 0 0 0 0 24 64 82 43 94 2 689
0 0 0 0 0 0 0 0 0 0 0 0 0 0 25 532 3 337 155 928 2155 2156 2 155 928 1269 16 1 2157 971
0 0 0 0 0 0 0 0 2 27 1 1270 8 14 2158 1254 1 282 6 593 4 49 80 51 2159 100 3 294 8 320
0 0 0 0 0 0 0 0 0 0 0 0 0 0 0 0 0 0 0 0 0 0 0 0 1096 2160 9 3 1162 658
0 0 0 0 0 0 0 0 0 0 0 0 0 0 0 0 0 0 0 143 64 749 1271 2 5 233 1211 28 1 304
0 0 0 0 0 0 0 0 250 5 113 2 2161 10 1272 414 34 92 1273 2 220 2 1 74 239 2162 1 10 34 92
0 0 0 0 0 0 0 0 0 0 0 0 0 11 5 1 778 8 19 4 504 242 329 216 2 22 3 350 2163 134
0 0 0 0 0 0 0 0 0 0 0 0 0 0 0 0 0 0 0 0 0 0 0 0 0 1 74 239 5 95
0 0 0 0 0 0 0 0 0 0 0 0 0 0 0 0 0 0 0 0 0 0 0 0 0 0 15 58 30 54
0 0 0 0 0 0 0 0 0 0 0 0 0 0 0 0 0 0 0 0 0 0 0 662 2 1272 45 142 115 10
0 0 0 0 0 0 133 70 12 49 469 287 41 368 232 2 2164 929 2165 16 133 29 140 18 23 17 12 60 453 59
0 0 0 0 0 0 0 0 0 0 0 0 0 0 0 0 0 0 0 7 735 930 89 168 10 12 36 8 1 169
0 0 0 0 0 0 0 0 0 0 0 0 39 13 21 3 2166 202 541 2 13 58 238 87 574 96 13 22 85 43
0 0 0 0 0 0 0 0 0 0 0 0 0 0 0 0 0 0 0 0 0 0 0 0 0 0 133 2167 922 74
0 0 0 0 0 0 0 0 0 0 0 0 0 0 0 0 0 0 0 1079 31 2168 651 2169 700 134 56 325 30 2170
0 0 0 0 0 0 0 0 0 0 0 0 0 0 0 0 334 1 579 82 64 3 678 28 450 2 58 2171 2172 13
0 0 0 0 0 0 0 0 0 0 0 0 0 0 0 0 0 0 0 0 0 0 0 0 55 87 93 13 315 9
0 0 0 0 0 0 0 0 0 0 0 0 0 0 0 0 0 595 60 121 8 2173 9 153 193 1 166 6 2174 109
0 0 0 0 0 0 0 0 0 0 0 0 0 0 0 0 0 0 205 1 104 2175 1274 2 1 662 173 931 21 1083
0 0 0 0 0 0 0 0 0 0 0 0 0 0 35 39 13 141 3 113 736 107 27 1093 42 869 9 1 797 2176
0 0 0 0 0 0 0 0 0 0 0 0 0 0 0 0 0 0 0 0 0 0 0 0 0 0 130 125 100 258
0 0 0 0 0 0 0 0 0 0 0 0 0 0 0 0 0 0 0 0 0 0 0 0 0 896 4 1 2177 2178
0 0 0 0 0 0 0 0 0 0 0 0 10 6 135 2 932 933 6 387 1 1078 6 2179 17 2180 2 2181 8 2182
0 0 0 0 0 0 0 0 0 0 0 0 0 0 48 95 2183 4 379 10 677 2 1073 12 20 1 10 6 464 455
0 0 0 0 0 0 0 0 0 0 0 0 0 0 0 0 0 0 0 0 0 0 0 0 0 7 126 410 42 54
0 0 0 0 0 0 0 0 0 0 0 14 19 5 77 2184 20 25 22 1275 66 1 98 1276 587 8 3 33 1 10
0 0 0 0 0 0 0 0 0 0 0 0 0 0 0 0 0 0 0 0 0 0 0 7 53 46 339 36 1 851
0 0 0 0 0 0 0 0 0 0 0 0 0 0 31 505 40 2185 2 498 23 506 380 69 15 586 2 319 2186 257
0 0 0 0 0 0 0 0 0 0 0 0 0 0 0 0 0 0 0 0 0 0 0 0 0 0 0 46 42 38
0 0 0 0 0 0 0 0 0 0 0 0 0 0 0 0 0 0 0 0 0 110 56 194 161 2 32 3 533 103
15 23 228 336 27 1 132 118 15 996 1 907 20 2187 146 40 1 132 69 15 876 54 159 1 190 6 1277 1 70 231
0 0 0 0 0 0 0 0 0 0 0 319 7 22 2188 65 38 5 405 94 521 2 2189 4 1 452 2190 9 3 448
0 0 0 0 0 0 0 0 0 0 0 0 0 0 0 0 0 0 0 0 0 0 2191 24 5 434 2 25 46 934
0 0 0 0 0 0 0 0 0 0 0 0 0 0 0 0 1 59 6 918 16 750 1247 40 3 1224 4 343 4 1278
0 0 0 0 0 0 0 0 0 0 0 0 0 0 0 0 0 0 0 0 0 0 60 328 2192 230 5 4 935 9
0 0 0 0 0 0 0 0 0 0 0 0 0 0 0 0 0 0 0 0 0 0 0 0 0 0 101 1 2193 230
0 0 0 0 0 0 0 0 0 0 0 0 0 0 0 0 24 5 17 55 44 57 323 40 3 526 12 14 121 1279
0 0 0 0 0 0 0 0 0 0 0 0 0 0 0 0 0 0 0 0 0 0 0 274 274 578 1075 4 30 2194
0 0 0 0 0 0 0 0 0 0 0 0 0 0 0 0 0 0 0 0 0 0 2 7 105 112 219 1 2195 2196
0 0 0 0 0 0 0 0 0 0 0 0 0 0 0 0 0 0 0 0 0 0 0 1 471 59 248 17 30 936
0 0 0 0 0 0 0 0 0 0 0 0 0 0 0 0 0 390 146 40 1 2197 272 13 331 42 9 2198 1280 1280
0 0 0 0 39 191 1281 9 1282 29 10 382 1 494 262 20 235 856 1 116 2199 2200 1038 565 1 364 4 60 471 132
0 0 0 0 0 0 31 342 488 1 176 23 34 109 20 39 31 285 374 6 26 4 120 1 472 2201 43 596 9 81
0 0 0 0 0 0 0 0 0 0 0 0 0 1 250 5 568 344 2 2202 118 1 732 1283 5 566 595 1 641 86
1 309 27 1 649 5 405 160 2 324 13 141 87 1 75 5 78 2 1284 12 540 1285 184 30 2203 18 1 2204 2205 75
0 0 0 0 0 0 0 0 0 0 0 0 0 0 0 0 0 0 1 361 21 53 251 2 1 285 898 23 2207 829
0 0 0 0 0 0 0 0 0 0 0 0 0 0 0 0 0 0 0 0 0 0 7 117 268 2208 4 384 417 54
0 0 0 0 0 0 0 0 0 0 0 0 0 0 0 0 0 0 0 0 0 0 0 7 58 30 199 54 34 489
0 0 0 0 0 0 0 0 0 0 0 0 0 0 0 0 0 0 0 0 0 0 0 0 0 0 55 3 29 19
0 0 0 0 0 0 0 0 0 0 0 0 0 0 0 0 0 0 0 22 535 27 925 494 419 97 2 45 82 26
69 247 66 127 3 2209 166 6 549 12 1169 4 3 2210 27 164 115 111 143 1157 14 5 17 799 185 19 324 725 2211 118
0 0 0 0 0 0 0 0 0 0 0 0 0 0 0 0 0 0 53 388 525 119 2215 1289 114 158 334 17 339 13
0 0 0 0 0 0 0 0 0 0 0 0 0 0 0 0 0 0 0 0 0 0 38 5 83 899 9 267 512 24
0 0 0 0 0 0 0 0 1 2216 93 30 3 214 157 27 97 790 39 13 22 261 356 20 209 1 33 5 3 206
0 0 0 0 0 0 0 0 0 0 0 0 0 0 0 0 0 0 0 0 0 0 11 5 34 306 2 17 34 160
0 0 0 0 0 531 7 187 35 114 11 286 2217 9 70 119 41 2218 2219 1202 10 20 762 47 4 30 652 504 2 387
0 0 0 0 0 0 0 0 0 0 1 2220 59 937 4 384 48 836 47 9 48 2221 59 754 87 257 140 7 235 116
0 0 0 0 0 0 0 0 0 0 0 0 0 0 209 3 630 33 2 27 442 96 2222 938 74 3 630 449 37 92
0 0 0 0 0 0 0 0 0 0 0 0 0 0 0 0 0 0 0 0 0 0 0 0 0 55 87 105 13 141
0 0 0 0 0 0 0 0 0 0 0 14 19 57 30 35 123 89 275 51 179 504 51 3 356 18 156 1290 448 24
39 1 2223 5 4 2224 2225 2 723 939 264 737 8 704 2226 2 3 418 328 262 1156 16 2227 2228 366 4 30 3 416 2229
0 0 0 0 0 0 0 0 0 0 9 375 18 42 527 2 46 277 11 36 7 93 187 5 18 25 53 46 50 11
0 0 0 0 0 0 0 0 0 0 1 1200 5 95 53 37 26 37 2230 2231 2232 27 3 292 121 39 2233 51 1 2234
0 0 0 0 0 0 0 0 0 0 0 0 0 0 0 0 2235 397 51 2236 68 589 5 51 252 1 62 441 12 289
0 0 0 0 0 0 0 0 0 0 0 0 0 0 0 0 0 0 0 0 0 0 0 14 44 5 2237 31 177 174
0 0 0 0 0 0 0 0 0 0 0 0 0 0 0 0 0 0 0 0 14 5 48 180 19 4 101 99 2238 341
0 0 0 0 0 0 0 0 0 0 0 0 0 0 0 0 0 0 0 0 0 0 0 13 735 42 273 16 14 19
0 0 0 0 0 0 0 0 0 0 0 0 0 0 0 0 1 581 23 246 1291 2 521 48 918 2239 12 267 360 2240
0 0 0 0 0 0 0 0 0 0 0 0 0 0 0 0 0 0 0 1 768 5 72 34 26 13 58 202 47 574
25 271 17 22 2241 532 49 934 207 47 447 1179 173 12 48 2242 426 189 2243 2 1 970 6 35 100 220 11 2244 28 1
0 0 0 0 0 0 0 0 0 0 0 0 0 0 0 0 0 0 0 0 0 1 10 5 773 126 101 1 2246 755
0 0 0 0 0 0 0 0 0 0 0 0 0 0 0 0 0 0 0 0 15 271 22 4 116 27 1 132 9 2247
0 0 0 0 0 0 0 0 0 0 0 0 0 0 0 0 46 120 56 518 191 1292 9 115 10 2 13 290 231 490
0 0 0 0 0 0 0 0 0 0 0 0 0 0 0 9 99 615 36 1 436 28 1 59 6 2248 609 9 1 376
0 0 0 0 0 0 0 0 0 0 0 69 15 1258 28 2249 15 385 18 15 32 349 233 1 583 20 15 23 507 273
0 0 0 0 0 0 0 0 0 0 0 1 2250 6 65 687 196 6 35 35 46 528 171 8 63 2251 2 24 6 415
0 0 0 0 0 0 0 0 0 0 0 0 0 0 0 0 0 0 0 0 65 186 9 53 133 70 20 253 6 207
0 0 0 0 0 0 0 0 0 0 0 0 0 0 0 76 880 25 331 934 63 441 2 25 46 90 902 9 1 441
0 0 0 0 0 0 0 0 0 0 0 0 0 0 0 0 0 1 59 5 34 940 7 295 15 2252 613 68 554 738
0 0 0 0 0 0 0 0 0 0 0 0 0 0 0 0 0 0 0 0 0 0 0 0 0 0 53 46 112 11
0 0 0 0 0 0 0 0 0 0 0 0 0 0 0 0 0 707 5 1 76 168 33 7 42 4 69 162 12 167
0 0 0 0 0 0 0 0 0 0 0 0 0 0 0 0 0 0 9 2253 9 190 70 45 3 527 12 3 1265 103
0 0 0 0 0 0 0 0 0 0 0 0 0 0 0 0 0 0 0 0 0 0 2254 8 558 4 90 63 544 2255
0 0 0 0 0 0 0 0 0 0 0 0 0 0 0 0 0 0 0 0 0 0 39 76 25 481 2256 90 3 1023
0 0 0 0 0 0 0 0 0 0 0 0 0 0 0 0 0 1 10 56 756 3 29 24 4 1 524 1289 18 5
0 0 0 0 0 0 0 0 0 0 0 0 0 0 0 0 0 0 0 0 0 0 0 88 632 100 44 293 9 10
0 0 0 0 0 0 0 0 0 0 0 0 0 0 0 15 271 2257 184 18 99 302 32 55 286 41 1269 372 8 1116
0 0 0 0 0 0 0 0 0 0 0 0 0 0 0 0 0 0 0 0 1 116 79 5 34 94 39 17 885 689
0 0 0 0 0 0 0 0 0 0 0 0 0 0 0 0 0 0 0 0 0 0 0 0 0 0 2 77 186 176
0 0 0 0 0 0 0 0 0 0 0 0 0 0 0 0 0 0 0 0 0 0 0 0 0 0 1 346 21 462
0 0 0 0 0 0 0 0 0 0 0 0 0 0 0 0 0 0 0 0 22 470 1 19 4 216 82 1183 26 2258
0 0 0 0 0 0 0 0 0 0 0 0 0 0 0 236 201 1 2259 12 673 14 5 3 113 733 19 16 26 75
17 1 10 17 1 221 17 1 24 7 941 16 1 1293 439 13 116 2 116 1 116 79 21 34 157 2 69 13 50 12
0 0 0 0 0 7 110 27 826 1177 1294 9 1 797 59 2260 9 1295 942 260 16 2261 343 2262 932 933 2 11 6 2263
0 0 0 0 0 0 0 0 0 0 0 0 0 0 0 0 0 0 0 15 76 124 340 2 130 20 83 817 23 661
0 0 0 0 0 0 0 0 0 0 0 0 0 16 35 182 415 2264 4 30 32 12 1 1129 1296 5 519 48 95 181
0 0 0 0 0 0 0 0 0 0 0 0 0 0 0 0 0 0 0 15 331 42 4 14 19 139 9 3 26 107
0 0 0 0 0 0 0 0 0 0 0 0 0 0 0 0 0 0 17 76 6 1 10 296 20 1 128 2265 23 29
0 0 0 0 0 0 0 0 0 0 0 0 0 0 0 0 0 2266 4 187 162 71 199 54 2 13 248 30 1297 65
0 0 0 0 0 0 0 0 0 0 0 0 0 0 0 0 0 0 0 0 0 0 0 0 0 0 0 3 393 2267
0 0 0 0 0 0 0 0 0 0 0 0 0 0 0 0 0 0 0 0 0 0 0 0 7 215 91 1 2268 75
0 0 0 0 0 0 0 0 0 0 0 0 0 0 0 0 0 1298 69 13 22 142 24 263 442 154 13 22 4 571
0 0 0 0 0 0 184 7 6 38 9 3 290 134 17 403 515 69 31 2269 40 2270 2271 3 34 186 2272 28 1 1239
0 0 0 0 0 0 0 0 0 0 0 0 0 0 0 1 456 6 77 344 2 275 52 49 10 2 130 16 3 678
0 0 0 1 24 6 2273 2 2274 1 79 722 55 25 21 38 4 112 4 165 60 59 2275 63 107 2 2276 4 63 873
7 339 1 188 2 926 13 423 17 202 56 9 1 259 2277 221 68 1 668 2278 24 2279 3 2280 2 3 2281 2282 8 2283
0 0 0 0 0 0 0 0 0 0 0 0 0 0 0 1 10 6 34 26 3 29 449 2 1 19 45 2285 6 29
0 0 0 0 0 0 0 0 0 0 0 0 0 0 0 0 0 0 0 0 0 1 1299 2286 261 1108 12 1283 2 1000
0 0 14 19 64 26 1192 20 873 3 2287 495 8 290 151 15 93 2288 2289 18 123 154 28 168 10 13 93 50 984 232
0 0 0 0 0 824 1271 64 82 43 3 943 16 81 7 42 38 406 9 1 129 67 5 29 1 115 10 5 95 65
0 0 0 0 0 0 0 0 0 0 0 0 0 0 0 0 0 0 0 0 0 1 2290 23 95 2 1 196 6 26
0 0 0 0 0 0 0 0 0 0 0 0 0 0 0 0 0 0 0 0 0 0 0 0 0 0 373 5 379 65
0 0 0 0 0 0 0 0 0 0 0 0 0 0 0 0 0 0 0 3 1 24 6 26 4 95 944 16 1 909
0 0 0 0 0 0 0 0 0 0 0 0 0 0 0 0 0 0 0 0 0 0 0 184 45 17 108 3 193 658
0 0 0 0 0 0 0 0 0 0 0 0 0 0 0 0 0 0 0 0 0 0 316 39 25 105 76 50 3 850
0 0 0 0 0 0 0 0 7 6 876 28 4 14 33 51 3 1300 2291 505 8 2292 2 22 43 199 54 1107 85 272
0 0 0 0 0 0 0 0 39 714 41 4 22 3 113 2293 107 16 48 739 2294 403 986 5 3 26 19 28 1 2295
0 0 0 0 0 0 0 0 0 0 0 0 0 0 0 0 0 0 7 295 1 33 6 65 312 69 229 4 30 259
0 0 0 0 0 0 0 0 0 0 0 0 0 0 0 0 11 6 307 2 7 287 41 7 6 222 12 2296 1301 300
0 0 0 0 0 0 0 0 0 0 0 0 0 0 0 0 0 0 0 0 0 0 0 25 674 284 86 36 1 61
0 0 0 0 0 0 0 0 0 0 0 0 0 0 0 0 0 0 0 0 0 0 0 0 0 100 121 2 109 176
0 0 0 0 0 0 0 0 0 0 0 0 0 0 0 0 0 0 15 23 17 1302 12 1 177 214 51 14 128 583
0 0 0 0 0 0 0 0 0 0 0 0 0 0 0 0 0 0 0 0 0 0 0 0 0 0 1 24 6 246
0 0 0 0 0 0 0 0 0 0 0 0 0 0 0 0 0 0 0 0 2297 64 43 3 167 1173 9 100 516 240
0 0 0 0 0 0 0 0 0 0 0 0 0 1 10 6 17 34 160 1 2298 23 307 73 9 267 3 245 147 33
1298 945 1 80 15 32 43 1303 593 4 164 33 946 459 151 15 23 156 299 15 23 275 140 15 645 124 208 97 730 44
0 0 0 0 0 0 0 0 0 0 0 0 0 0 0 0 0 0 0 0 0 0 7 295 1 801 6 89 96 1306
0 0 0 0 0 0 0 0 0 0 0 0 1 194 61 7 110 15 23 299 27 3 80 12 3 1307 231 4 1 697
0 0 0 0 0 0 0 0 0 0 0 0 224 2300 4 559 130 381 10 176 21 35 307 133 70 22 854 915 44 446
0 0 0 0 0 0 0 0 0 0 0 0 0 0 9 1 70 119 141 29 10 1308 29 24 2301 5 3 19 4 509
0 0 0 0 0 0 0 0 0 0 0 0 0 0 0 0 0 0 88 71 287 87 2302 96 194 1222 27 910 1237 711
0 0 0 0 0 0 0 0 0 0 0 0 0 0 0 0 0 0 0 0 0 0 1 10 82 600 104 2 275 2303
0 0 0 0 0 0 0 0 0 0 0 0 0 0 0 0 88 43 417 56 37 3 2304 2 82 202 54 9 1 172
0 0 0 0 0 0 0 0 0 0 0 0 0 15 23 2305 8 1 2306 599 161 1309 503 99 832 1310 454 3 1029 283
0 0 0 0 0 0 0 0 0 0 15 32 2307 2308 2 465 556 3 1311 11 6 3 994 8 407 2 233 160 37 92
0 0 0 0 0 0 0 0 0 0 0 0 0 0 0 0 0 0 0 0 0 0 0 0 36 1 10 6 189 160
0 0 0 0 0 0 0 0 0 0 0 0 0 0 0 0 0 0 0 7 91 1 547 392 2309 2310 2 249 16 497
0 0 208 898 558 928 95 740 2311 2312 2313 173 2 278 16 3 78 1312 2 3 1313 343 1152 1153 18 5 47 8 14 463
0 0 0 0 0 0 0 0 0 0 0 0 0 15 124 3 328 2314 11 138 16 47 173 67 53 170 11 3 328 337
0 0 0 0 0 0 0 0 15 2315 69 143 313 661 52 3 196 59 2 15 207 3 597 2316 571 67 6 2317 7 348
0 0 0 0 41 1182 22 488 46 323 1 33 4 90 3 611 47 259 9 13 2 478 3 522 33 334 2318 13 4 116
0 0 0 0 0 0 0 39 13 354 12 122 217 169 400 181 89 10 27 109 111 311 8 61 741 2 818 318 1 495
0 0 0 0 0 0 0 0 0 0 0 0 0 0 0 0 0 0 0 0 143 720 393 2319 12 256 10 2 256 338
0 0 0 0 0 0 0 0 0 0 0 0 0 0 0 570 3 947 2 22 134 56 2 280 39 13 46 941 16 81
0 0 0 0 0 0 0 0 0 0 0 0 0 0 0 0 0 0 0 0 0 0 9 1314 644 7 1315 35 123 87
0 0 0 0 0 0 0 0 0 0 0 0 0 0 0 0 0 0 0 0 1 340 21 87 1316 152 2320 306 365 111
0 0 0 0 0 0 0 0 0 0 0 0 0 0 0 0 57 22 416 204 1086 12 1 2321 68 320 1082 9 18 121
0 0 0 0 0 0 0 0 0 0 0 0 0 0 0 0 0 0 0 0 0 0 0 1 976 23 251 2 534 687
0 0 0 0 0 0 0 0 0 0 0 0 0 0 0 0 0 0 0 15 82 22 3 78 107 2 82 238 888 574
0 0 0 0 0 0 0 0 0 0 0 0 0 0 0 0 0 0 0 55 138 4 49 80 6 1317 1101 1318 2 2322
0 0 1 2323 8 104 942 241 104 2324 173 1319 2 1 2325 25 90 16 2326 2327 324 14 5 44 8 1 89 860 12 289
1 183 2328 81 2 5 34 94 279 722 55 31 453 5 2 263 1 428 2329 620 16 1 2330 2331 2 1 1206 2332 28 2333
0 0 0 1 484 485 5 251 20 362 172 18 104 2 1 128 140 46 178 2334 189 37 25 248 72 2335 777 8 212 56
0 0 0 0 0 0 0 0 0 0 0 0 0 0 0 0 0 0 0 0 38 21 123 89 301 12 289 16 89 86
0 0 0 0 0 0 0 0 0 13 105 50 3 123 89 210 103 9 1 330 495 8 154 12 3 237 8 164 365 2336
0 0 0 0 0 0 0 0 0 0 0 0 0 0 0 0 0 0 0 0 0 0 0 0 0 0 1 10 1320 2337
0 0 0 0 0 0 0 0 0 0 0 0 0 0 0 0 0 0 0 0 0 0 0 221 5 685 259 20 578 796
0 0 0 0 0 0 0 0 0 0 0 0 0 0 0 0 25 834 467 2 1 399 2 53 207 1 399 27 49 80
0 0 0 0 0 0 0 0 0 0 0 0 0 0 0 0 0 39 13 21 3 2338 14 77 244 3 26 19 4 42
0 0 0 0 0 0 0 0 0 0 0 0 0 0 0 0 0 0 0 0 0 0 1 10 5 104 78 2 585 258
0 0 0 0 0 0 0 0 0 0 0 0 0 0 0 0 0 0 0 0 0 1 2339 2340 407 32 83 742 427 2341
0 0 0 0 0 0 0 0 0 0 0 0 0 0 0 0 0 0 0 0 0 0 178 2342 4 332 1 2343 675 2344
0 0 0 0 0 0 0 0 0 0 0 0 0 0 0 0 0 0 25 138 47 100 220 2 1 173 6 264 2345 2346
0 0 0 0 0 0 0 0 0 0 0 0 0 0 0 0 551 1 10 5 296 20 175 232 66 14 33 5 1 2347
0 0 0 0 0 0 0 0 0 0 0 0 0 0 0 0 0 0 0 0 0 29 94 24 379 326 379 373 95 129
0 0 0 0 0 0 0 0 0 0 0 0 0 0 0 7 335 380 4 187 1 177 2 181 267 1210 17 108 1 904
0 0 0 0 0 0 0 0 0 0 0 0 0 0 0 0 209 3 536 2348 73 144 38 5 588 11 5 1321 108 11
0 0 0 0 0 0 0 0 0 0 0 1 646 647 59 5 108 185 2349 2 13 50 87 96 268 205 12 768 2 147
0 0 0 0 0 0 0 0 0 0 25 46 389 4 19 48 2350 28 310 68 104 447 67 4 81 5 2351 9 26 115
0 0 0 0 0 0 0 0 0 0 0 36 8 31 616 2352 18 1 10 6 180 2 2353 492 25 645 2354 66 14 19
0 0 0 0 0 0 0 0 0 29 259 19 9 3 227 101 4 50 1 921 2355 80 9 3 128 2356 2 4 563 360
0 0 0 0 0 0 0 0 0 0 0 0 0 0 0 0 0 0 0 0 0 0 0 0 0 101 608 742 16 657
0 0 0 0 0 0 0 0 0 0 0 0 0 0 0 0 0 1 79 514 31 216 2 7 1 355 61 15 23 38
0 0 0 0 0 0 0 0 0 0 0 27 1 443 191 207 16 3 2357 2358 16 679 18 13 93 2359 47 8 3 2360
0 0 0 0 0 0 0 0 0 75 2 547 1322 21 29 37 92 7 106 40 131 233 226 2 1 373 5 82 405 402
0 0 0 0 0 0 0 0 0 0 0 0 0 0 0 0 0 0 0 0 1 59 5 253 41 1 44 28 1 2361
0 0 0 0 0 0 0 0 0 0 0 0 7 290 795 2 25 22 1 62 2362 12 1 195 17 3 2363 68 2364 2365
0 0 24 105 30 2366 20 209 14 5 3 19 18 1290 1 2367 8 128 725 1 594 743 2368 2369 9 44 12 1 33 103
0 0 0 0 0 0 0 0 0 0 0 0 0 0 0 0 14 5 44 8 31 174 111 2 11 5 17 4 30 770
0 0 0 0 0 0 0 0 0 0 0 0 0 0 0 0 1 10 5 406 26 20 11 507 244 3 800 19 4 42
0 0 0 0 0 0 0 0 0 0 0 0 0 0 0 0 0 0 536 46 73 451 81 1323 16 127 163 1 2370 23
0 0 0 0 0 0 0 599 2371 1232 7 32 3 356 40 290 202 12 16 66 1104 70 2 1 79 6 180 4 1242 52
0 0 0 0 0 0 0 0 0 0 709 36 8 1 122 2372 644 111 14 699 51 252 44 8 1 62 1009 9 63 154
0 0 0 0 0 0 0 0 0 0 0 0 0 0 0 0 0 110 38 194 161 9 190 610 2373 2 211 36 18 327
0 0 0 0 0 0 0 0 0 0 0 0 0 0 0 0 0 0 0 0 0 0 2 11 6 402 67 5 34 1276
0 0 0 0 0 0 0 0 0 0 0 0 0 0 0 0 0 0 0 0 0 0 81 2 31 948 58 126 42 54
0 0 0 0 0 0 0 0 0 0 0 0 0 0 0 0 0 0 0 0 0 0 0 0 0 14 19 5 534 307
0 0 0 0 0 0 0 0 0 0 0 0 0 0 0 0 0 184 604 117 1 98 180 872 2 1 1235 943 1 203
0 0 0 0 0 0 0 0 0 0 0 0 0 0 0 9 375 86 2 1 1137 84 102 13 323 87 2 248 50 87
0 0 0 0 0 0 0 0 0 0 0 0 0 0 0 0 0 0 0 0 0 209 7 57 91 11 2 42 54 139
0 0 0 0 0 0 0 0 0 0 0 0 0 0 0 0 0 0 0 0 0 0 0 0 0 601 57 17 42 139
0 0 0 0 0 0 0 0 0 0 0 0 0 0 0 0 0 0 0 0 0 0 0 0 11 999 1 203 185 61
0 0 0 0 0 0 0 1 872 337 6 41 2374 2 16 1080 2 48 2375 213 582 4 2376 11 276 11 6 3 1053 103
0 0 0 0 0 0 0 0 0 0 0 0 0 0 0 0 0 0 0 0 0 0 0 1 75 6 149 26 2 377
0 0 0 0 0 0 0 0 0 0 0 0 0 0 0 0 0 0 372 8 2377 63 61 56 2378 111 18 712 66 10
0 0 0 0 0 0 0 0 0 0 1 508 5 3 214 65 109 9 354 351 35 28 629 655 11 93 30 312 2 633
0 0 0 0 0 0 0 0 0 0 0 0 0 0 0 0 0 175 15 32 6 149 26 20 15 22 76 43 38 527
0 0 0 0 1 2379 59 6 3 705 1324 507 2380 31 356 2 7 433 1 428 137 619 1136 2 949 140 18 15 36 124
0 0 0 0 0 0 0 0 0 0 0 0 0 0 0 0 0 0 0 0 0 0 0 0 0 0 126 3 195 174
0 0 0 0 0 0 0 0 0 0 234 40 1 311 12 44 57 1226 4 2381 14 1225 12 1 905 77 263 55 11 5
0 0 0 31 446 8 189 1325 16 436 6 229 8 2382 992 16 3 487 1097 8 392 2 1310 2 6 2383 2384 16 3 2385
0 0 0 0 0 0 0 0 0 0 0 0 0 0 0 0 0 0 0 0 0 0 0 2386 12 2387 1314 5 35 736
0 0 0 0 0 0 0 0 0 0 0 0 0 0 0 0 0 0 0 0 0 0 0 1 697 184 5 264 82 434
0 0 0 0 0 0 0 0 0 0 0 0 0 0 0 0 0 0 0 0 0 0 0 1 634 924 6 2388 424 2389
0 0 0 0 1 70 16 2390 8 10 46 339 13 114 25 46 1249 2391 60 864 5 4 266 13 1 78 10 13 440 27
0 0 0 0 0 0 0 0 0 0 0 0 0 0 0 0 0 0 0 0 0 0 0 0 0 0 1 86 23 345
0 0 0 0 0 0 0 0 0 0 0 0 0 0 0 0 0 45 1181 17 3 19 4 42 39 13 141 4 2392 525
0 0 0 0 0 0 0 0 927 4 18 29 24 2 29 10 27 3 292 121 2 13 22 570 1 649 8 3 29 572
0 0 0 0 0 0 0 0 0 0 0 0 0 0 0 0 0 0 0 0 0 0 0 0 0 1 10 6 370 680
0 0 0 0 0 0 0 0 0 0 0 0 0 0 0 0 0 0 0 0 0 0 0 45 833 14 19 5 17 265
0 0 0 0 0 0 0 0 0 0 0 0 0 0 0 0 0 0 0 462 24 345 10 2 3 2393 47 102 2 1092
0 0 0 0 0 0 0 0 0 0 0 0 0 0 0 0 0 0 0 36 12 36 7 46 280 127 13 93 42 273
0 0 0 0 0 0 0 0 0 0 0 0 0 0 0 1 24 6 246 2 450 2394 8 59 704 6 236 28 1 2395
0 0 0 0 0 0 0 0 0 0 0 0 0 0 0 0 0 0 14 248 22 43 314 12 3 54 300 146 40 573
0 0 0 0 0 0 0 0 0 0 0 0 0 0 0 0 0 0 0 0 0 0 0 0 0 15 136 2396 1027 1028
0 0 0 0 0 0 0 0 0 15 124 99 396 2 949 260 140 40 1 115 878 8 1 59 20 253 15 117 6 115
0 0 0 0 0 0 0 0 0 0 0 0 0 0 0 0 0 0 0 0 0 0 0 0 0 0 86 21 34 26
0 0 0 1 76 567 6 1 1326 282 948 119 155 389 4 165 55 3 448 5 28 3 2397 2398 161 9 1 1326 282 948
0 0 0 27 161 20 45 457 4 806 63 544 424 16 319 232 2399 9 18 330 2400 1 351 2401 12 1 2402 5 72 2403
0 0 0 0 0 0 0 0 0 0 0 0 0 0 0 0 0 0 0 0 0 0 368 66 131 179 522 16 1161 2404
0 0 0 0 0 0 0 0 0 0 0 0 0 0 0 0 0 0 866 101 1 2405 2406 45 53 1 98 1327 592 85
0 0 0 0 0 0 0 0 0 0 0 0 0 0 1 59 86 21 3 214 163 9 55 13 50 12 147 2 472 510
0 0 0 0 0 0 0 0 0 0 0 0 0 0 0 0 0 0 0 0 0 0 0 20 209 7 266 11 3 597
0 0 0 0 0 0 0 0 0 0 0 0 0 0 7 914 4 202 56 139 2 178 1167 4 332 60 2407 8 2408 1149
0 0 0 0 1 74 303 51 1 294 2 399 5 223 2 7 82 91 18 216 90 3 569 39 511 199 4 30 12 825
0 0 0 0 0 0 0 0 0 0 0 0 0 0 0 0 0 0 72 501 1 107 16 3 78 2 291 931 8 803
0 0 0 0 0 0 0 0 0 0 0 0 0 0 0 0 0 0 0 0 0 0 0 0 0 0 14 19 5 29
0 0 0 0 0 45 3 19 9 70 119 288 3 237 9 598 10 634 2 3 499 4 30 16 60 1300 2409 2 2410 926
0 0 0 0 0 0 0 0 0 0 0 0 0 0 0 0 0 0 10 6 26 17 29 17 108 1 116 68 298 283
0 0 0 0 0 0 0 0 0 0 0 0 0 0 0 0 0 0 0 0 0 0 0 0 11 5 2411 2 464 555
0 0 0 0 0 0 0 0 0 0 0 0 0 0 0 0 0 0 0 0 126 3 29 203 9 3 113 2412 68 227
0 0 0 0 0 0 0 270 10 2 25 22 393 24 17 53 1 625 13 50 575 69 25 101 4 2413 13 47 1 490
0 0 0 0 0 0 0 0 0 0 0 0 0 0 0 0 0 0 0 0 0 0 0 0 0 14 33 6 125 2414
0 0 0 0 0 0 0 0 0 0 0 0 0 0 0 0 0 0 0 0 0 0 0 0 0 15 23 34 506 380
0 0 0 0 0 0 0 0 0 0 0 0 0 0 0 0 0 0 1 10 6 53 251 27 177 9 55 10 6 1031
0 0 0 0 0 0 0 0 0 0 0 0 0 929 150 15 561 1 158 218 1 154 2 488 2415 13 807 21 2416 56
0 0 0 0 0 1 164 161 15 32 1 1328 208 374 107 2 175 6 78 39 7 105 8 2417 1 445 1329 7 57 8
0 0 0 0 0 0 0 0 0 0 0 0 0 0 0 0 0 0 0 0 0 0 0 0 0 0 58 17 30 54
0 0 0 0 0 0 0 0 0 0 0 0 0 0 0 0 0 0 0 0 0 0 0 0 0 2418 4 605 70 146
0 0 0 0 0 0 0 0 0 0 0 0 0 0 0 0 0 0 0 0 0 0 0 0 0 3 1330 133 2419 84
0 0 0 0 0 0 0 0 0 0 0 0 0 798 425 4 30 3 344 203 16 333 10 2 3 2420 39 17 911 102
0 0 0 0 0 0 0 0 0 0 0 0 0 0 0 0 0 0 0 0 0 0 0 0 0 0 0 0 71 139
0 0 0 0 0 0 0 0 0 0 0 0 0 0 0 0 0 0 0 350 611 2421 21 17 26 56 38 5 83 723
0 0 0 0 0 0 0 0 0 0 0 0 0 0 0 0 0 0 0 0 0 0 0 46 30 982 51 2422 8 70
0 0 0 0 0 0 0 0 0 2423 1 508 5 1100 96 98 11 5 1 62 24 13 58 181 12 73 1 2424 8 111
0 0 0 0 0 0 0 0 0 0 0 0 31 216 10 6 72 1 703 2425 8 55 45 1141 4 172 41 2 178 41
0 0 0 0 0 0 0 0 0 0 0 0 0 0 0 0 0 0 0 0 0 0 0 743 624 2426 138 47 26 72
0 0 0 0 0 0 0 0 0 0 0 0 0 0 0 0 0 0 0 0 0 7 46 50 11 2427 35 193 66 2428
0 0 0 0 0 0 0 46 2429 14 19 2430 2431 13 22 4 101 11 4 602 11 3 502 146 40 502 9 1 2432 2433
0 0 0 0 0 0 0 0 0 0 0 0 41 2434 450 309 1284 40 3 193 2435 69 15 22 476 450 2436 11 2437 2438
0 0 0 0 0 0 0 0 0 0 0 0 0 0 0 0 0 0 0 0 0 0 0 0 13 248 2439 28 1 1331
0 0 0 0 0 0 0 0 0 0 0 0 0 0 0 0 0 0 0 0 0 0 0 0 0 0 0 6 672 197
0 0 0 0 0 0 0 0 0 0 0 0 0 0 0 0 0 1 2440 6 95 382 1 1331 37 23 1 1184 297 2441
0 0 0 0 0 0 0 0 0 0 0 0 0 0 0 3 294 8 2442 2443 3 294 8 2444 2 1 740 32 175 435
0 0 0 0 0 0 0 0 0 0 0 0 0 0 0 0 0 0 0 0 0 1 1332 2445 23 2446 51 1 1332 278
0 0 0 1 326 6 39 25 23 332 4 50 1 2447 495 8 70 242 1 33 35 30 113 4 63 2448 69 13 715 56
0 0 0 0 0 0 0 0 0 0 0 0 0 0 0 1321 2449 1171 25 72 22 637 133 122 2450 2451 843 101 131 47
0 0 0 0 0 0 0 0 0 0 0 0 0 0 0 0 0 0 0 0 0 0 0 1 1081 137 211 9 52 144
0 0 0 0 0 0 0 0 0 0 0 0 0 0 0 0 0 0 0 0 0 0 0 0 0 0 24 5 501 744
0 0 0 0 0 0 76 1333 57 30 18 27 48 135 413 8 2452 819 107 745 41 17 4 22 4 2453 66 2454 3 654
0 0 0 0 0 0 0 0 0 0 0 0 0 0 0 0 0 0 0 0 0 0 0 0 0 0 1 129 6 387
0 0 0 0 0 0 0 0 0 0 0 0 0 0 0 0 0 0 0 0 0 0 0 2 1 2455 2456 260 6 653
0 0 0 0 0 0 0 0 0 0 0 0 0 0 0 0 0 205 97 7 6 691 1302 51 1 24 67 6 2457 157
0 0 0 0 0 0 0 0 0 0 0 0 0 0 0 0 0 0 0 0 0 0 1 1334 77 90 9 48 736 103
0 0 0 0 0 0 0 15 765 2458 4 101 14 636 2 4 49 794 25 22 906 326 291 272 7 32 31 2459 16 81
0 0 0 0 0 0 0 0 0 0 0 0 0 0 0 0 0 45 3 77 29 449 595 15 117 229 201 8 576 862
0 0 0 0 0 0 0 0 0 0 0 0 11 366 41 14 5 3 19 1 2460 41 2 1 70 2461 56 493 11 65
0 0 0 0 0 0 0 0 0 0 0 0 0 0 0 0 0 0 7 729 25 32 44 2462 31 2463 7 57 42 2464
0 0 0 0 0 0 0 0 0 0 0 0 0 0 0 0 0 0 0 0 0 0 0 0 0 258 27 696 2465 706
0 0 0 0 0 0 0 0 0 0 42 76 39 13 21 771 12 1 195 2 46 141 4 1112 199 2466 9 3 89 19
0 0 0 0 0 0 0 0 0 0 0 0 0 0 0 0 0 0 0 0 2467 8 1 371 2 1 183 21 426 135
0 0 0 0 0 0 0 0 0 0 0 0 0 0 0 0 0 1049 5 502 4 802 2 591 341 17 4 349 431 232
0 0 0 0 0 0 0 0 15 23 2468 4 50 196 20 1 183 1084 1263 1 225 27 52 151 15 32 3 499 4 106
0 0 0 0 0 0 0 0 20 69 15 286 27 1 59 38 2469 3 237 8 558 98 8 131 23 882 12 1 230 878
0 0 0 0 0 0 0 0 0 0 0 0 0 0 39 13 2470 3 142 702 45 114 13 46 339 55 2471 5 36 66
0 0 0 0 0 0 0 0 0 0 0 0 0 0 0 0 0 0 0 0 0 0 0 0 0 7 57 42 54 2472
0 0 0 0 0 0 0 0 0 0 0 0 0 0 0 1 581 23 34 113 2 1335 2473 9 31 342 143 564 256 107
0 0 0 0 0 0 0 0 0 0 0 0 0 0 0 0 1 76 347 87 223 96 1 10 67 5 1139 5 1 24
0 0 0 0 0 0 0 0 0 0 0 0 0 0 0 0 0 45 72 2474 4 2475 793 67 5 3 344 87 259 132
0 0 0 0 0 0 0 0 0 0 0 0 0 0 0 39 63 174 212 10 5 1336 2476 137 152 14 5 17 63 19
0 0 0 0 0 0 0 0 0 0 0 0 0 1 468 2 1 183 23 534 157 2 271 175 25 105 4 625 52 47
0 0 0 0 0 0 0 0 0 0 0 0 0 0 0 0 0 0 0 0 0 0 0 0 11 105 22 43 2477 89
0 0 0 0 0 0 0 0 0 0 0 0 0 0 0 0 0 0 73 16 1 646 647 2478 14 33 5 17 108 11
0 0 0 0 0 0 0 0 0 0 0 0 0 0 0 0 10 5 135 2 7 57 187 73 1 2479 33 783 600 89
0 0 0 0 0 0 0 0 0 0 0 0 0 0 0 0 0 0 0 0 0 0 0 0 0 126 17 108 1 121
0 0 0 0 0 0 0 0 0 0 0 0 0 0 0 0 0 0 0 0 72 3 128 87 163 96 63 135 441 19
1 2480 18 6 2481 1303 4 432 3 80 9 49 469 8 784 152 486 3 469 8 190 27 1 34 80 143 6 2482 852 118
0 0 0 0 0 0 0 0 0 0 0 0 0 0 0 0 0 0 0 0 0 0 1 848 115 5 95 56 37 92
0 0 0 0 0 0 0 0 0 0 0 0 0 0 0 0 0 0 2483 117 3 29 2484 20 3 128 2485 28 1 373
0 0 0 0 0 0 0 0 0 0 25 731 30 36 338 27 1 701 69 13 266 63 106 20 60 10 937 7 136 13
0 0 0 0 0 0 0 0 0 0 0 0 25 23 267 3 870 1337 9 576 109 686 2486 12 2487 620 2 17 108 332
0 0 0 0 0 0 0 0 0 0 0 0 0 0 0 0 7 136 1 358 18 1 75 600 35 26 2 5 35 265
0 110 38 16 31 969 2 15 32 4 116 9 3 80 73 144 13 105 280 38 182 18 23 421 16 17 569 2488 28 131
0 0 0 0 0 0 0 0 0 0 0 0 0 0 0 0 0 0 0 0 0 0 7 46 127 14 19 5 228 828
0 0 0 0 0 0 0 0 0 0 0 0 0 0 0 0 0 0 0 0 0 0 0 0 0 0 2489 221 4 1338
0 0 0 0 0 0 0 0 0 0 0 0 0 0 0 0 0 0 1 250 5 77 2490 2 17 27 36 2491 68 1246
0 0 0 0 0 0 0 0 0 0 0 0 0 0 0 0 0 0 0 0 0 0 14 307 1147 203 5 82 506 920
0 0 0 0 0 0 0 0 0 0 0 0 0 0 0 0 0 0 0 0 0 0 7 9 44 58 71 2492 131 139
0 0 0 0 0 0 0 0 0 0 0 0 0 0 0 0 0 0 0 0 0 0 0 0 1 10 5 29 2 270
0 0 0 0 0 0 0 0 0 0 0 0 37 489 37 31 2493 2494 256 1339 40 1 282 3 371 2495 4 2496 52 47
0 0 0 0 0 0 0 0 0 0 0 0 1 122 217 97 64 2497 14 19 208 97 771 13 165 45 199 4 30 26
0 0 0 0 0 0 0 0 0 0 1 10 6 598 27 62 20 11 6 1 254 24 18 170 81 2498 71 4 42 54
0 0 0 0 0 0 0 0 0 0 0 0 0 0 0 0 0 0 0 0 0 0 104 447 2 175 5 170 4 106
51 252 14 5 1 76 212 340 19 7 165 12 289 68 431 360 12 1 2499 2500 18 1251 340 16 2501 2502 12 3 487 8
0 0 0 0 0 0 0 0 0 0 0 0 0 69 15 23 313 299 49 183 138 51 2505 9 49 106 2 2506 49 282
0 0 0 0 0 0 0 0 0 0 0 0 0 0 0 0 88 43 56 3 2507 8 97 316 2 1 24 5 82 296
0 0 0 0 0 0 0 0 0 0 0 0 0 0 0 0 0 0 0 0 0 0 0 0 0 0 15 23 34 197
0 0 0 0 0 0 0 0 0 0 0 0 0 0 1146 1 10 5 26 1 121 5 236 2 25 22 3 333 74 239
0 0 0 0 0 0 0 0 0 0 0 38 5 72 34 940 326 2 38 93 30 3 2508 116 12 474 10 27 1341 97
0 0 0 0 0 0 0 0 0 0 0 0 0 0 0 0 0 1 145 6 415 147 2 6 220 35 2509 11 6 457
3 1342 1307 2510 4 3 307 508 243 38 21 208 307 624 2511 2512 3 29 449 8 1311 2513 8 972 2514 2 3 109 701 2515
0 0 0 0 0 0 0 0 0 0 0 0 0 0 0 0 0 0 0 0 0 153 138 16 2517 2 2518 83 452 674
0 0 0 0 0 0 0 0 0 0 0 0 0 0 0 0 0 0 0 11 2519 4 30 1 438 148 2520 2 11 776
0 0 0 0 0 0 0 0 0 0 0 0 0 0 0 0 0 0 0 0 0 0 0 0 0 0 499 5 3 1261
0 0 0 0 0 0 0 0 0 0 0 0 0 0 0 0 0 0 0 0 0 0 49 183 6 577 2 853 17 979
0 0 0 0 0 0 0 0 0 0 0 0 0 0 0 0 0 0 0 0 20 1 115 5 126 17 29 370 2 2521
9 1 231 293 2 3 318 15 2522 12 1 383 1193 188 8 14 2523 33 2524 4 36 1207 8 2525 8 492 15 23 17 179
0 0 0 0 0 0 0 0 0 0 0 0 0 0 73 16 2526 2 2527 159 1 921 14 19 58 90 3 524 9 437
0 0 0 0 0 0 0 0 0 0 0 0 0 0 0 0 0 0 0 0 0 0 0 0 0 14 19 5 1343 142
0 0 0 0 0 0 0 0 0 0 0 0 0 88 43 56 378 97 9 153 2 11 5 44 8 31 2528 12 1 169
0 0 0 0 0 0 0 0 0 0 0 0 0 0 0 0 0 0 0 0 0 0 0 0 0 0 126 215 17 470
0 0 0 0 0 0 0 11 5 66 10 2 221 2 930 127 1344 11 58 30 11 15 76 32 4 2529 4 48 2530 2531
0 0 0 0 0 0 0 0 0 0 0 0 0 0 0 0 0 0 0 0 0 0 0 25 22 270 168 27 2532 86
0 0 0 0 0 0 0 0 0 0 0 0 0 0 0 0 0 0 0 0 0 0 0 0 0 0 0 0 345 19
0 0 0 0 0 0 148 1 273 309 138 47 16 1 230 152 69 7 204 4 106 3 477 294 8 74 9 31 285 374
0 0 0 0 0 0 0 0 0 0 0 0 0 99 717 90 13 348 41 25 21 690 13 3 947 4 388 13 1 10
0 0 0 0 0 0 0 0 0 0 0 0 0 0 0 0 0 0 0 0 0 0 0 0 2533 5 3 259 733 33
0 0 0 0 0 0 0 0 0 0 0 0 0 0 0 0 0 0 0 0 0 0 0 0 0 170 31 210 103 734
0 0 0 0 0 0 0 0 14 5 3 113 33 39 13 21 234 9 3 26 19 4 883 48 1345 134 2534 16 338 2535
0 0 0 0 0 0 0 0 0 0 0 0 0 0 630 74 239 2536 79 94 438 2 48 2537 1219 59 384 52 417 54
0 0 0 0 0 0 0 0 0 0 0 0 0 0 0 0 0 0 0 39 263 3 560 42 4 799 2 2538 63 2539
0 0 0 0 0 0 0 0 0 0 0 0 0 0 0 0 0 0 0 1 24 74 303 221 21 36 296 2 2540 1318
0 0 0 0 0 0 0 0 0 0 0 0 0 0 0 0 0 0 0 0 0 46 178 276 63 1203 27 81 41 18
0 0 0 0 0 0 0 0 0 0 0 0 0 0 0 0 0 1 183 1335 467 8 74 18 110 34 92 16 1 10
0 0 0 0 0 0 0 0 0 0 0 0 0 0 0 0 0 0 88 43 56 3 487 8 97 2 22 17 43 327
0 0 0 0 0 0 0 0 0 0 0 0 0 0 0 0 0 0 0 0 0 0 0 0 20 1 1346 145 6 26
0 0 0 0 0 0 0 0 0 0 0 0 0 0 0 0 0 0 0 0 0 0 0 0 0 0 17 108 1 86
0 0 0 0 0 0 0 0 0 0 0 0 0 0 88 43 4 419 301 9 484 485 2 14 64 117 4 30 1 198
0 0 0 0 0 0 0 0 0 0 0 0 0 0 0 0 0 39 13 136 74 2 173 2 78 365 628 400 136 1347
0 0 0 0 0 0 0 0 0 0 0 0 0 0 0 0 0 0 0 0 0 0 175 27 2541 115 5 160 2 2542
0 0 0 0 0 0 0 0 0 0 0 0 0 0 0 0 0 0 0 0 0 15 32 1 900 337 2 11 6 345
0 0 0 0 0 0 0 0 0 0 0 0 0 0 0 0 0 0 0 215 91 14 37 29 363 9 95 129 2 24
0 0 0 0 0 0 0 0 0 0 0 0 0 0 0 0 0 0 0 0 0 0 0 0 0 1 75 5 26 144
