29 346 170 1403 125 0 0 0 0 0 0 0 0 0 0
71 283 33 0 0 0 0 0 0 0 0 0 0 0 0
509 19 0 0 0 0 0 0 0 0 0 0 0 0 0
72 91 145 140 284 961 1404 145 1405 0 0 0 0 0 0
394 962 1406 146 216 132 0 0 0 0 0 0 0 0 0
603 747 964 604 451 42 965 0 0 0 0 0 0 0 0
1407 308 203 1408 285 1409 0 0 0 0 0 0 0 0 0
748 190 452 605 453 262 1410 262 262 1411 510 263 145 0 0
749 309 132 1412 33 395 966 59 750 24 0 0 0 0 0
1413 606 191 751 46 752 0 0 0 0 0 0 0 0 0
88 54 1414 1415 607 967 97 396 1416 511 26 0 0 0 0
33 968 308 608 1417 1418 1419 1420 1421 0 0 0 0 0 0
455 10 512 24 0 0 0 0 0 0 0 0 0 0 0
753 283 92 126 54 0 0 0 0 0 0 0 0 0 0
59 286 26 609 754 1422 603 755 456 513 310 757 1423 311 0
347 969 1424 312 287 41 132 758 0 0 0 0 0 0 0
759 77 457 33 122 217 105 77 348 1425 514 313 349 0 0
1426 101 133 610 1427 162 314 0 0 0 0 0 0 0 0
46 85 106 970 350 611 397 971 612 760 46 192 19 761 1428
134 218 264 613 763 219 1432 61 0 0 0 0 0 0 0
614 26 398 1433 0 0 0 0 0 0 0 0 0 0 0
972 74 265 26 0 0 0 0 0 0 0 0 0 0 0
973 395 515 349 140 135 62 163 0 0 0 0 0 0 0
41 351 1434 1435 244 29 141 288 177 516 1436 399 1437 400 136
1438 974 220 1439 975 1440 1441 458 976 46 178 41 1442 977 978
764 615 86 459 245 0 0 0 0 0 0 0 0 0 0
10 517 24 1443 246 219 979 0 0 0 0 0 0 0 0
765 110 33 616 153 180 61 0 0 0 0 0 0 0 0
1444 247 315 1445 980 617 310 0 0 0 0 0 0 0 0
72 193 106 460 1446 0 0 0 0 0 0 0 0 0 0
981 461 1447 618 766 619 620 1448 1449 0 0 0 0 0 0
621 982 767 181 1450 111 266 24 221 622 983 1451 10 1452 1453
1454 78 107 128 154 0 0 0 0 0 0 0 0 0 0
769 623 624 74 401 173 1455 984 0 0 0 0 0 0 0
402 94 24 0 0 0 0 0 0 0 0 0 0 0 0
985 770 44 204 403 986 194 395 148 61 165 289 97 182 195
44 42 751 1456 10 0 0 0 0 0 0 0 0 0 0
518 222 1457 317 19 625 19 142 404 0 0 0 0 0 0
1458 626 19 987 290 106 519 1459 772 1460 0 0 0 0 0
108 988 0 0 0 0 0 0 0 0 0 0 0 0 0
405 94 1461 79 462 627 628 223 629 989 29 354 629 1462 773
1463 174 1464 990 137 406 224 460 268 1465 166 318 50 1466 774
269 775 105 1467 52 249 225 776 777 1468 355 356 0 0 0
778 357 991 1469 1470 29 19 42 120 0 0 0 0 0 0
206 992 779 463 780 309 993 196 0 0 0 0 0 0 0
781 19 29 24 86 113 94 102 0 0 0 0 0 0 0
623 128 520 291 1471 1472 1473 464 1474 0 0 0 0 0 0
82 349 224 42 125 521 465 358 226 522 1475 782 0 0 0
19 123 407 0 0 0 0 0 0 0 0 0 0 0 0
57 91 19 26 227 203 46 141 1476 994 995 0 0 0 0
77 197 1477 466 523 319 42 120 73 192 10 0 0 0 0
105 996 613 467 320 228 1478 1479 0 0 0 0 0 0 0
149 123 229 1480 230 0 0 0 0 0 0 0 0 0 0
783 630 10 113 250 292 86 0 0 0 0 0 0 0 0
204 90 359 97 468 155 524 0 0 0 0 0 0 0 0
469 784 360 231 785 997 222 998 0 0 0 0 0 0 0
525 232 470 196 72 207 0 0 0 0 0 0 0 0 0
128 321 77 999 203 786 761 0 0 0 0 0 0 0 0
964 1000 1481 471 109 472 1482 140 0 0 0 0 0 0 0
1001 29 115 10 136 408 361 0 0 0 0 0 0 0 0
110 631 787 50 1002 0 0 0 0 0 0 0 0 0 0
233 788 198 129 85 204 0 0 0 0 0 0 0 0 0
97 632 92 318 293 80 73 144 359 0 0 0 0 0 0
86 245 633 1483 1003 0 0 0 0 0 0 0 0 0 0
1484 1485 0 0 0 0 0 0 0 0 0 0 0 0 0
473 10 401 102 94 24 1004 195 203 362 1005 1006 0 0 0
10 251 57 71 42 54 0 0 0 0 0 0 0 0 0
244 363 526 0 0 0 0 0 0 0 0 0 0 0 0
162 322 409 1486 26 0 0 0 0 0 0 0 0 0 0
26 1007 474 80 0 0 0 0 0 0 0 0 0 0 0
400 1487 0 0 0 0 0 0 0 0 0 0 0 0 0
73 74 294 26 0 0 0 0 0 0 0 0 0 0 0
1008 252 109 364 789 634 0 0 0 0 0 0 0 0 0
72 26 1488 153 1489 790 0 0 0 0 0 0 0 0 0
1490 219 635 44 62 1009 270 365 10 167 0 0 0 0 0
208 1491 33 0 0 0 0 0 0 0 0 0 0 0 0
10 253 41 59 1492 0 0 0 0 0 0 0 0 0 0
183 366 1493 234 26 156 1494 0 0 0 0 0 0 0 0
1495 791 80 1010 116 79 1496 1011 965 1012 367 52 0 0 0
209 121 1497 163 368 323 0 0 0 0 0 0 0 0 0
1498 396 1499 265 792 396 0 0 0 0 0 0 0 0 0
636 369 251 10 324 0 0 0 0 0 0 0 0 0 0
199 272 637 476 147 363 1500 1501 0 0 0 0 0 0 0
321 108 101 177 0 0 0 0 0 0 0 0 0 0 0
235 42 273 19 0 0 0 0 0 0 0 0 0 0 0
793 80 312 356 1502 24 157 1013 0 0 0 0 0 0 0
184 1503 26 1504 0 0 0 0 0 0 0 0 0 0 0
274 24 370 10 638 1505 1014 209 103 254 0 0 0 0 0
75 62 41 639 1506 75 0 0 0 0 0 0 0 0 0
46 528 61 154 0 0 0 0 0 0 0 0 0 0 0
1507 206 101 33 0 0 0 0 0 0 0 0 0 0 0
46 640 1508 641 147 255 1509 79 129 371 968 41 1015 19 0
44 57 295 1016 50 1017 642 130 372 117 1510 158 410 73 192
355 643 1511 0 0 0 0 0 0 0 0 0 0 0 0
1512 794 0 0 0 0 0 0 0 0 0 0 0 0 0
1513 19 41 1514 1515 0 0 0 0 0 0 0 0 0 0
42 42 1516 319 1517 0 0 0 0 0 0 0 0 0 0
50 95 107 182 168 111 795 1518 644 413 44 1519 140 0 0
190 796 158 192 146 645 73 286 414 229 529 414 530 269 1520
105 321 219 646 647 107 0 0 0 0 0 0 0 0 0
456 1521 52 531 459 355 107 0 0 0 0 0 0 0 0
358 1522 19 648 133 70 234 59 325 1021 1523 10 254 0 0
29 10 26 510 59 29 24 1524 1022 0 0 0 0 0 0
649 361 1525 473 78 780 1526 1527 1023 1024 1528 172 1529 0 0
72 124 373 33 532 318 106 0 0 0 0 0 0 0 0
1025 113 1026 19 41 1027 1028 1530 512 24 0 0 0 0 0
1531 1532 1533 411 797 59 296 0 0 0 0 0 0 0 0
650 650 477 174 195 115 19 148 798 0 0 0 0 0 0
533 651 0 0 0 0 0 0 0 0 0 0 0 0 0
394 1029 283 534 157 71 42 54 0 0 0 0 0 0 0
44 62 111 88 85 0 0 0 0 0 0 0 0 0 0
24 415 33 652 1534 79 246 57 416 535 799 526 0 0 0
1535 219 635 44 1536 1537 1538 0 0 0 0 0 0 0 0
416 653 218 293 654 52 0 0 0 0 0 0 0 0 0
536 478 1539 606 1540 326 537 374 1030 1031 0 0 0 0 0
1541 1542 417 207 236 1543 1544 172 1545 0 0 0 0 0 0
113 102 24 533 1546 26 0 0 0 0 0 0 0 0 0
327 10 0 0 0 0 0 0 0 0 0 0 0 0 0
126 193 538 0 0 0 0 0 0 0 0 0 0 0 0
479 539 460 320 57 41 980 24 26 209 800 19 120 0 0
540 1547 291 510 541 655 0 0 0 0 0 0 0 0 0
418 328 376 62 656 85 0 0 0 0 0 0 0 0 0
1548 41 801 329 1032 657 41 1549 542 1550 0 0 0 0 0
134 61 605 159 1551 377 1552 0 0 0 0 0 0 0 0
92 108 658 360 169 1033 1004 1553 1554 0 0 0 0 0 0
250 1555 1556 419 1557 1034 236 317 210 1033 29 227 0 0 0
10 1558 121 1559 0 0 0 0 0 0 0 0 0 0 0
543 0 0 0 0 0 0 0 0 0 0 0 0 0 0
324 659 1035 185 660 1560 104 0 0 0 0 0 0 0 0
130 180 318 1036 1037 0 0 0 0 0 0 0 0 0 0
1038 1561 1562 420 480 545 1039 1040 72 1041 10 147 123 1563 1564
10 481 1565 158 117 173 661 297 320 74 467 1566 421 355 107
513 59 802 130 1567 1568 1569 1570 413 0 0 0 0 0 0
33 1042 1571 0 0 0 0 0 0 0 0 0 0 0 0
331 1043 1044 72 410 202 54 10 0 0 0 0 0 0 0
484 485 184 26 0 0 0 0 0 0 0 0 0 0 0
211 1572 618 803 1573 253 85 0 0 0 0 0 0 0 0
221 102 29 10 24 105 237 89 0 0 0 0 0 0 0
33 416 109 751 50 80 546 0 0 0 0 0 0 0 0
26 1045 29 1046 750 346 77 160 0 0 0 0 0 0 0
101 662 75 104 547 1047 0 0 0 0 0 0 0 0 0
422 484 485 144 321 663 1574 108 0 0 0 0 0 0 0
29 212 10 795 1575 1576 1577 664 804 665 146 0 0 0 0
46 238 219 332 44 161 1578 0 0 0 0 0 0 0 0
113 33 209 805 1579 257 250 0 0 0 0 0 0 0 0
275 401 666 1580 667 0 0 0 0 0 0 0 0 0 0
466 806 0 0 0 0 0 0 0 0 0 0 0 0 0
807 1581 0 0 0 0 0 0 0 0 0 0 0 0 0
1582 423 129 1048 1049 147 255 29 24 0 0 0 0 0 0
1583 1050 133 70 133 967 70 1584 468 192 524 523 668 200 0
186 483 1051 378 0 0 0 0 0 0 0 0 0 0 0
79 1585 0 0 0 0 0 0 0 0 0 0 0 0 0
75 481 213 173 211 73 1586 623 0 0 0 0 0 0 0
419 97 71 1587 0 0 0 0 0 0 0 0 0 0 0
1588 10 95 529 1589 92 258 74 239 0 0 0 0 0 0
240 82 1052 1053 210 103 147 10 74 0 0 0 0 0 0
187 1590 379 10 526 808 174 0 0 0 0 0 0 0 0
333 74 292 86 0 0 0 0 0 0 0 0 0 0 0
10 549 546 1591 0 0 0 0 0 0 0 0 0 0 0
148 158 275 52 1592 1054 52 310 57 1055 809 0 0 0 0
334 214 1056 550 1057 26 62 365 10 181 188 0 0 0 0
810 182 97 41 0 0 0 0 0 0 0 0 0 0 0
325 1058 424 1593 1594 183 1595 669 52 106 1596 811 123 61 180
105 1597 70 19 57 1598 551 75 1599 62 167 0 0 0 0
812 0 0 0 0 0 0 0 0 0 0 0 0 0 0
551 10 368 50 813 0 0 0 0 0 0 0 0 0 0
814 425 72 1600 0 0 0 0 0 0 0 0 0 0 0
94 79 156 1059 277 107 670 191 0 0 0 0 0 0 0
88 71 671 1601 0 0 0 0 0 0 0 0 0 0 0
409 350 92 350 85 117 162 161 357 0 0 0 0 0 0
1602 1603 552 1604 0 0 0 0 0 0 0 0 0 0 0
86 125 245 50 0 0 0 0 0 0 0 0 0 0 0
88 553 289 554 240 19 0 0 0 0 0 0 0 0 0
138 33 815 380 207 816 1060 0 0 0 0 0 0 0 0
175 666 309 555 278 1061 1605 116 61 534 157 24 1606 135 10
817 1607 130 144 0 0 0 0 0 0 0 0 0 0 0
59 646 647 549 818 177 1062 819 357 92 108 1608 10 0 0
79 244 1609 1610 1611 24 175 232 19 324 0 0 0 0 0
247 820 218 318 293 299 245 789 188 54 73 144 422 300 1612
672 253 105 1613 0 0 0 0 0 0 0 0 0 0 0
1614 1615 1616 1617 120 0 0 0 0 0 0 0 0 0 0
1064 89 301 42 169 0 0 0 0 0 0 0 0 0 0
24 274 116 175 315 419 284 70 347 1618 275 0 0 0 0
148 183 381 1013 190 97 648 1619 33 480 302 117 106 273 0
241 821 10 155 123 427 0 0 0 0 0 0 0 0 0
10 274 209 57 187 509 748 0 0 0 0 0 0 0 0
822 109 1065 0 0 0 0 0 0 0 0 0 0 0 0
662 75 555 802 1620 1621 1622 75 1623 1624 823 1066 556 555 1625
72 408 0 0 0 0 0 0 0 0 0 0 0 0 0
428 145 180 0 0 0 0 0 0 0 0 0 0 0 0
117 44 1067 111 673 0 0 0 0 0 0 0 0 0 0
24 402 0 0 0 0 0 0 0 0 0 0 0 0 0
1626 991 19 206 284 824 1068 429 557 642 0 0 0 0 0
191 825 108 759 298 19 0 0 0 0 0 0 0 0 0
674 826 145 0 0 0 0 0 0 0 0 0 0 0 0
827 675 19 1627 1628 966 1629 0 0 0 0 0 0 0 0
142 10 211 1630 0 0 0 0 0 0 0 0 0 0 0
291 19 1631 168 10 0 0 0 0 0 0 0 0 0 0
347 105 50 1632 44 177 133 1633 828 159 1069 1634 80 0 0
336 222 829 10 269 1635 1636 487 1070 1637 273 1071 1638 1639 163
197 1640 59 190 558 819 374 111 513 378 558 676 1073 1074 1641
24 830 94 29 0 0 0 0 0 0 0 0 0 0 0
19 1642 1643 1644 326 1645 677 132 1075 638 0 0 0 0 0
72 124 831 1646 463 0 0 0 0 0 0 0 0 0 0
176 109 814 1647 406 832 24 228 26 33 1076 1648 366 1649 0
73 474 1650 1651 1652 1653 1654 1655 1058 1656 1657 1658 678 833 136
71 834 52 642 679 514 1660 1077 1078 1079 140 80 0 0 0
105 835 224 836 514 52 0 0 0 0 0 0 0 0 0
46 42 1661 133 70 244 268 430 103 1080 303 774 1662 0 0
154 110 667 1663 1664 110 837 0 0 0 0 0 0 0 0
560 272 561 483 988 166 106 554 140 50 333 172 0 0 0
1665 1666 300 838 376 603 755 1081 562 0 0 0 0 0 0
10 104 814 370 680 0 0 0 0 0 0 0 0 0 0
198 210 103 88 85 0 0 0 0 0 0 0 0 0 0
117 1082 1667 681 839 840 0 0 0 0 0 0 0 0 0
183 1668 52 10 1083 0 0 0 0 0 0 0 0 0 0
247 409 1669 173 337 269 1084 322 192 338 841 0 0 0 0
322 52 563 431 486 488 80 1670 0 0 0 0 0 0 0
842 44 33 404 103 398 304 0 0 0 0 0 0 0 0
78 346 382 236 1085 0 0 0 0 0 0 0 0 0 0
383 312 235 73 682 357 231 0 0 0 0 0 0 0 0
148 110 277 537 1086 0 0 0 0 0 0 0 0 0 0
75 1087 0 0 0 0 0 0 0 0 0 0 0 0 0
843 54 489 0 0 0 0 0 0 0 0 0 0 0 0
46 165 295 1671 1088 195 85 272 637 1672 231 490 1673 312 351
683 564 10 846 1674 565 80 424 0 0 0 0 0 0 0
121 147 255 1675 384 52 556 305 283 0 0 0 0 0 0
149 408 0 0 0 0 0 0 0 0 0 0 0 0 0
101 1676 0 0 0 0 0 0 0 0 0 0 0 0 0
77 72 24 26 224 94 0 0 0 0 0 0 0 0 0
141 432 154 46 42 0 0 0 0 0 0 0 0 0 0
1677 122 188 204 433 1678 1089 197 24 385 10 1679 321 317 0
144 1090 262 334 178 41 1680 120 666 822 491 1681 262 92 108
398 1682 88 553 1683 188 1684 240 684 19 0 0 0 0 0
346 296 172 517 1685 1091 414 1686 0 0 0 0 0 0 0
101 1687 376 0 0 0 0 0 0 0 0 0 0 0 0
1092 259 10 254 24 653 1688 1689 175 105 0 0 0 0 0
973 847 812 0 0 0 0 0 0 0 0 0 0 0 0
685 280 71 640 424 0 0 0 0 0 0 0 0 0 0
19 29 1690 0 0 0 0 0 0 0 0 0 0 0 0
129 211 249 566 121 0 0 0 0 0 0 0 0 0 0
848 115 679 1691 0 0 0 0 0 0 0 0 0 0 0
1093 182 97 305 226 26 615 0 0 0 0 0 0 0 0
95 103 0 0 0 0 0 0 0 0 0 0 0 0 0
10 77 26 1094 260 44 62 85 0 0 0 0 0 0 0
386 85 1095 115 33 377 567 0 0 0 0 0 0 0 0
44 270 1692 111 52 126 62 849 663 0 0 0 0 0 0
1096 0 0 0 0 0 0 0 0 0 0 0 0 0 0
124 137 1693 117 109 1097 137 568 686 1098 0 0 0 0 0
59 1099 176 73 1100 1694 166 687 1101 1695 1696 145 166 1102 427
1697 235 1698 850 0 0 0 0 0 0 0 0 0 0 0
184 339 1699 851 33 0 0 0 0 0 0 0 0 0 0
24 1700 194 61 852 194 61 322 1020 80 57 238 0 0 0
79 853 0 0 0 0 0 0 0 0 0 0 0 0 0
178 841 0 0 0 0 0 0 0 0 0 0 0 0 0
1701 29 1103 166 29 0 0 0 0 0 0 0 0 0 0
75 128 555 0 0 0 0 0 0 0 0 0 0 0 0
24 215 1702 326 1703 1104 200 367 569 1105 1704 1107 1069 52 1705
432 61 854 461 44 0 0 0 0 0 0 0 0 0 0
24 94 71 560 855 474 80 0 0 0 0 0 0 0 0
223 19 856 1108 382 363 1707 154 0 0 0 0 0 0 0
688 109 571 0 0 0 0 0 0 0 0 0 0 0 0
1708 0 0 0 0 0 0 0 0 0 0 0 0 0 0
612 429 557 125 306 0 0 0 0 0 0 0 0 0 0
261 567 159 0 0 0 0 0 0 0 0 0 0 0 0
212 340 809 1709 1710 857 1711 0 0 0 0 0 0 0 0
57 126 91 603 41 115 304 0 0 0 0 0 0 0 0
215 470 418 428 1712 341 1090 341 0 0 0 0 0 0 0
90 569 1109 199 384 0 0 0 0 0 0 0 0 0 0
1713 91 0 0 0 0 0 0 0 0 0 0 0 0 0
381 1110 19 1714 0 0 0 0 0 0 0 0 0 0 0
24 434 116 106 50 10 479 383 0 0 0 0 0 0 0
1111 0 0 0 0 0 0 0 0 0 0 0 0 0 0
616 116 264 293 373 1715 117 124 0 0 0 0 0 0 0
10 29 0 0 0 0 0 0 0 0 0 0 0 0 0
46 323 563 631 144 302 82 229 0 0 0 0 0 0 0
354 311 195 46 1112 0 0 0 0 0 0 0 0 0 0
29 10 292 86 324 572 235 1006 0 0 0 0 0 0 0
89 1716 1717 19 1718 610 329 1719 1720 1113 161 0 0 0 0
1114 191 195 120 26 10 410 528 61 332 181 368 416 42 565
226 383 550 689 1722 24 0 0 0 0 0 0 0 0 0
1723 665 1724 19 286 113 70 858 859 860 0 0 0 0 0
382 493 137 1115 1116 1725 0 0 0 0 0 0 0 0 0
33 425 149 333 0 0 0 0 0 0 0 0 0 0 0
75 78 0 0 0 0 0 0 0 0 0 0 0 0 0
154 105 767 89 482 841 431 0 0 0 0 0 0 0 0
75 517 659 297 0 0 0 0 0 0 0 0 0 0 0
91 153 310 1726 453 212 33 0 0 0 0 0 0 0 0
1727 861 682 1728 573 97 604 1729 106 0 0 0 0 0 0
88 182 115 111 849 1730 252 62 115 10 88 609 1731 374 0
1117 1118 554 240 71 197 0 0 0 0 0 0 0 0 0
77 26 408 129 0 0 0 0 0 0 0 0 0 0 0
1119 52 281 1732 0 0 0 0 0 0 0 0 0 0 0
19 237 407 0 0 0 0 0 0 0 0 0 0 0 0
82 42 550 238 691 229 574 0 0 0 0 0 0 0 0
29 19 433 265 153 134 0 0 0 0 0 0 0 0 0
50 1120 0 0 0 0 0 0 0 0 0 0 0 0 0
215 470 0 0 0 0 0 0 0 0 0 0 0 0 0
287 144 222 1733 0 0 0 0 0 0 0 0 0 0 0
70 290 82 94 559 122 217 575 0 0 0 0 0 0 0
174 107 1734 75 494 278 26 399 74 0 0 0 0 0 0
10 78 310 453 1735 140 71 567 0 0 0 0 0 0 0
70 33 149 1121 312 0 0 0 0 0 0 0 0 0 0
516 284 529 513 1736 1737 170 342 435 10 78 206 91 166 206
228 1740 225 1741 1742 1743 1744 1745 494 0 0 0 0 0 0
155 73 280 59 158 1746 310 285 140 0 0 0 0 0 0
46 192 654 132 54 318 33 648 1748 50 1749 1750 336 0 0
1751 29 19 562 1752 423 77 160 10 265 400 1122 854 1753 495
1754 542 297 193 557 436 1755 0 0 0 0 0 0 0 0
26 863 134 1756 1757 0 0 0 0 0 0 0 0 0 0
10 512 577 687 176 307 0 0 0 0 0 0 0 0 0
71 54 0 0 0 0 0 0 0 0 0 0 0 0 0
1758 692 860 1123 1759 0 0 0 0 0 0 0 0 0 0
162 496 1760 1761 460 1124 1762 753 338 0 0 0 0 0 0
1763 459 97 455 0 0 0 0 0 0 0 0 0 0 0
1764 260 1102 427 255 551 92 549 367 0 0 0 0 0 0
72 29 864 33 395 0 0 0 0 0 0 0 0 0 0
46 850 1765 0 0 0 0 0 0 0 0 0 0 0 0
616 684 109 166 0 0 0 0 0 0 0 0 0 0 0
10 251 253 566 24 387 0 0 0 0 0 0 0 0 0
141 1766 212 10 1125 821 1767 624 241 19 0 0 0 0 0
19 206 413 438 1768 1769 0 0 0 0 0 0 0 0 0
102 29 234 1770 54 865 408 125 818 844 1126 0 0 0 0
29 19 0 0 0 0 0 0 0 0 0 0 0 0 0
158 156 1127 320 621 693 146 0 0 0 0 0 0 0 0
866 432 1771 0 0 0 0 0 0 0 0 0 0 0 0
189 1128 213 1066 620 867 0 0 0 0 0 0 0 0 0
70 388 42 54 388 216 0 0 0 0 0 0 0 0 0
10 1772 241 821 657 694 0 0 0 0 0 0 0 0 0
656 1773 371 1774 10 159 122 217 411 240 1775 805 1776 627 628
868 430 643 54 231 61 0 0 0 0 0 0 0 0 0
684 415 439 181 19 1777 257 188 1778 257 29 86 29 102 26
536 307 1779 1780 0 0 0 0 0 0 0 0 0 0 0
361 458 462 343 520 1781 297 78 0 0 0 0 0 0 0
416 633 522 33 1782 869 0 0 0 0 0 0 0 0 0
147 10 128 163 0 0 0 0 0 0 0 0 0 0 0
1783 428 1784 26 228 1785 181 167 0 0 0 0 0 0 0
184 845 1786 366 578 1099 29 261 490 1787 294 785 1788 568 259
870 0 0 0 0 0 0 0 0 0 0 0 0 0 0
1129 190 871 146 78 107 308 300 0 0 0 0 0 0 0
77 859 132 486 80 134 0 0 0 0 0 0 0 0 0
88 798 459 71 42 0 0 0 0 0 0 0 0 0 0
872 1131 396 1790 1791 245 315 452 1792 309 0 0 0 0 0
1793 481 236 490 0 0 0 0 0 0 0 0 0 0 0
579 519 1794 873 0 0 0 0 0 0 0 0 0 0 0
1795 1796 695 874 365 168 1132 0 0 0 0 0 0 0 0
1117 1118 252 44 62 301 167 90 122 216 835 329 1133 0 0
19 0 0 0 0 0 0 0 0 0 0 0 0 0 0
1797 161 19 1134 696 420 317 1798 1799 0 0 0 0 0 0
136 165 1800 10 1801 0 0 0 0 0 0 0 0 0 0
185 61 122 217 90 440 283 33 1135 1802 364 0 0 0 0
540 174 175 441 1803 1804 1805 1806 26 0 0 0 0 0 0
1807 120 497 1136 78 1808 458 77 113 1137 1809 452 1810 1811 823
188 101 441 1812 1813 364 378 871 146 1089 1138 0 0 0 0
1814 105 339 417 442 293 645 73 834 52 282 414 0 0 0
123 41 10 235 388 42 54 0 0 0 0 0 0 0 0
162 1815 156 1816 0 0 0 0 0 0 0 0 0 0 0
791 10 627 86 1817 0 0 0 0 0 0 0 0 0 0
1818 1819 1820 1821 0 0 0 0 0 0 0 0 0 0 0
270 627 0 0 0 0 0 0 0 0 0 0 0 0 0
10 1822 1139 1823 697 1824 1825 764 348 41 222 1050 59 0 0
10 281 254 0 0 0 0 0 0 0 0 0 0 0 0
295 281 1826 92 1827 338 1828 0 0 0 0 0 0 0 0
71 197 580 836 0 0 0 0 0 0 0 0 0 0 0
156 412 1829 298 499 1140 477 283 73 698 0 0 0 0 0
1830 137 166 269 138 523 52 44 85 688 155 165 166 1141 172
423 177 208 341 229 263 177 1831 0 0 0 0 0 0 0
1022 863 259 0 0 0 0 0 0 0 0 0 0 0 0
699 829 24 1832 0 0 0 0 0 0 0 0 0 0 0
875 110 1833 700 161 187 1142 0 0 0 0 0 0 0 0
224 246 609 225 876 80 1143 0 0 0 0 0 0 0 0
650 650 44 500 195 677 165 82 26 107 1144 121 0 0 0
254 0 0 0 0 0 0 0 0 0 0 0 0 0 0
1145 29 1834 61 0 0 0 0 0 0 0 0 0 0 0
1835 10 149 26 0 0 0 0 0 0 0 0 0 0 0
410 1836 134 0 0 0 0 0 0 0 0 0 0 0 0
268 877 294 397 0 0 0 0 0 0 0 0 0 0 0
1010 701 133 1837 1012 0 0 0 0 0 0 0 0 0 0
62 401 1057 579 405 94 24 379 0 0 0 0 0 0 0
148 19 259 775 1838 1839 702 0 0 0 0 0 0 0 0
88 97 406 443 336 231 149 1840 70 0 0 0 0 0 0
1146 194 61 1841 1147 0 0 0 0 0 0 0 0 0 0
73 878 59 772 879 212 10 0 0 0 0 0 0 0 0
1842 1085 1843 433 62 75 33 431 0 0 0 0 0 0 0
560 269 703 1148 0 0 0 0 0 0 0 0 0 0 0
186 303 1844 1149 1845 384 1846 1847 0 0 0 0 0 0 0
62 347 1848 0 0 0 0 0 0 0 0 0 0 0 0
826 85 561 73 1849 1850 1851 85 50 52 54 753 1150 0 0
1151 1852 1853 581 106 1854 10 1119 0 0 0 0 0 0 0
343 1152 1153 44 198 88 0 0 0 0 0 0 0 0 0
493 582 303 0 0 0 0 0 0 0 0 0 0 0 0
149 26 0 0 0 0 0 0 0 0 0 0 0 0 0
1855 41 26 111 120 226 847 125 163 117 0 0 0 0 0
19 128 1856 213 444 326 1857 149 1858 0 0 0 0 0 0
1154 880 194 440 227 1859 881 59 704 757 212 0 0 0 0
50 10 42 181 1860 1155 54 445 882 0 0 0 0 0 0
128 19 705 667 250 538 169 86 0 0 0 0 0 0 0
88 247 1861 1862 1863 1864 1156 145 1157 54 145 693 146 0 0
235 116 42 54 0 0 0 0 0 0 0 0 0 0 0
101 189 1128 511 1865 78 0 0 0 0 0 0 0 0 0
240 883 1866 1867 82 671 1868 338 1869 583 180 1870 73 1158 1871
1874 654 1159 378 550 0 0 0 0 0 0 0 0 0 0
410 73 451 1160 294 74 754 298 0 0 0 0 0 0 0
223 1161 61 0 0 0 0 0 0 0 0 0 0 0 0
1875 579 226 336 785 80 1876 884 202 42 0 0 0 0 0
162 199 54 0 0 0 0 0 0 0 0 0 0 0 0
29 19 863 227 1877 1878 153 0 0 0 0 0 0 0 0
1026 0 0 0 0 0 0 0 0 0 0 0 0 0 0
10 29 0 0 0 0 0 0 0 0 0 0 0 0 0
483 446 706 885 163 122 217 169 126 89 10 706 707 465 1162
1879 708 1163 1164 1164 1880 0 0 0 0 0 0 0 0 0
77 493 19 0 0 0 0 0 0 0 0 0 0 0 0
29 346 1045 26 19 752 0 0 0 0 0 0 0 0 0
1165 407 1165 280 77 370 680 0 0 0 0 0 0 0 0
1881 24 237 0 0 0 0 0 0 0 0 0 0 0 0
74 239 303 26 1882 1883 681 501 0 0 0 0 0 0 0
10 130 24 808 709 62 169 0 0 0 0 0 0 0 0
575 50 142 10 142 24 575 50 26 26 142 24 0 0 0
1884 371 0 0 0 0 0 0 0 0 0 0 0 0 0
710 62 107 167 0 0 0 0 0 0 0 0 0 0 0
264 1885 1166 702 102 29 57 543 747 383 0 0 0 0 0
886 321 1886 0 0 0 0 0 0 0 0 0 0 0 0
42 631 331 141 238 0 0 0 0 0 0 0 0 0 0
178 1167 222 0 0 0 0 0 0 0 0 0 0 0 0
788 1168 153 1887 1888 182 337 1889 169 1169 0 0 0 0 0
215 91 711 545 1890 10 369 223 24 0 0 0 0 0 0
355 210 103 223 0 0 0 0 0 0 0 0 0 0 0
72 411 0 0 0 0 0 0 0 0 0 0 0 0 0
182 26 111 1891 46 423 306 10 1892 1170 581 46 1893 290 1894
1896 120 435 0 0 0 0 0 0 0 0 0 0 0 0
358 133 70 105 77 793 44 445 0 0 0 0 0 0 0
42 54 185 61 169 0 0 0 0 0 0 0 0 0 0
95 19 1897 10 44 62 169 122 217 0 0 0 0 0 0
478 1898 1171 1899 26 1900 0 0 0 0 0 0 0 0 0
108 1172 1901 1138 203 1173 713 0 0 0 0 0 0 0 0
19 344 24 830 1902 0 0 0 0 0 0 0 0 0 0
1174 260 480 1903 1175 862 1176 1175 1904 0 0 0 0 0 0
207 1905 1177 1056 887 0 0 0 0 0 0 0 0 0 0
106 59 238 888 41 770 229 103 0 0 0 0 0 0 0
1178 409 1906 1907 1908 1909 1910 545 889 1911 10 714 323 1179 672
222 102 1912 1913 455 103 0 0 0 0 0 0 0 0 0
86 890 715 137 1115 1914 233 26 0 0 0 0 0 0 0
136 1915 1916 0 0 0 0 0 0 0 0 0 0 0 0
128 1917 810 148 109 383 406 116 1918 162 552 313 204 0 0
182 70 334 389 41 1919 115 10 301 167 1109 233 270 0 0
260 1180 891 241 320 0 0 0 0 0 0 0 0 0 0
390 252 146 19 0 0 0 0 0 0 0 0 0 0 0
1181 282 0 0 0 0 0 0 0 0 0 0 0 0 0
71 1920 1921 107 571 10 481 546 354 200 584 0 0 0 0
29 70 716 1182 0 0 0 0 0 0 0 0 0 0 0
553 1922 892 385 10 1041 1923 608 1924 33 0 0 0 0 0
176 186 717 82 651 52 284 1925 0 0 0 0 0 0 0
893 198 363 154 718 167 367 190 240 0 0 0 0 0 0
894 173 502 1926 89 0 0 0 0 0 0 0 0 0 0
1927 103 33 0 0 0 0 0 0 0 0 0 0 0 0
57 71 42 54 0 0 0 0 0 0 0 0 0 0 0
10 29 0 0 0 0 0 0 0 0 0 0 0 0 0
282 719 54 300 0 0 0 0 0 0 0 0 0 0 0
456 521 94 0 0 0 0 0 0 0 0 0 0 0 0
214 1928 1929 1930 417 1931 0 0 0 0 0 0 0 0 0
252 420 0 0 0 0 0 0 0 0 0 0 0 0 0
26 24 26 86 0 0 0 0 0 0 0 0 0 0 0
1002 806 1932 371 1933 1934 820 519 641 440 1935 1936 1937 0 0
10 387 1938 156 0 0 0 0 0 0 0 0 0 0 0
787 1939 582 261 268 133 0 0 0 0 0 0 0 0 0
77 144 1940 1941 0 0 0 0 0 0 0 0 0 0 0
75 125 163 0 0 0 0 0 0 0 0 0 0 0 0
720 895 50 530 264 82 559 388 368 479 46 559 674 0 0
10 135 24 653 369 0 0 0 0 0 0 0 0 0 0
134 251 253 57 0 0 0 0 0 0 0 0 0 0 0
72 639 1183 213 546 1184 0 0 0 0 0 0 0 0 0
113 643 1942 1185 33 0 0 0 0 0 0 0 0 0 0
123 585 258 0 0 0 0 0 0 0 0 0 0 0 0
286 41 1186 173 1943 314 228 1944 0 0 0 0 0 0 0
1945 629 1187 440 0 0 0 0 0 0 0 0 0 0 0
147 10 95 121 265 896 619 255 137 497 657 0 0 0 0
75 78 1946 44 1947 167 0 0 0 0 0 0 0 0 0
1948 897 136 19 324 407 1949 102 0 0 0 0 0 0 0
342 1950 376 839 1188 564 378 898 0 0 0 0 0 0 0
1189 1951 0 0 0 0 0 0 0 0 0 0 0 0 0
80 231 52 247 1952 1953 403 1954 399 74 313 586 0 0 0
282 0 0 0 0 0 0 0 0 0 0 0 0 0 0
342 170 899 238 0 0 0 0 0 0 0 0 0 0 0
46 295 57 42 0 0 0 0 0 0 0 0 0 0 0
900 337 1190 479 26 1191 268 1955 121 0 0 0 0 0 0
19 182 284 1956 75 180 0 0 0 0 0 0 0 0 0
241 75 1957 26 547 104 1958 46 1959 0 0 0 0 0 0
374 102 721 323 1190 293 441 19 1114 0 0 0 0 0 0
1960 46 640 680 587 1961 220 125 125 370 0 0 0 0 0
1962 1963 1192 782 228 811 606 359 1964 302 588 1193 0 0 0
1194 102 26 0 0 0 0 0 0 0 0 0 0 0 0
124 193 894 1965 1195 1098 1966 120 0 0 0 0 0 0 0
255 1967 0 0 0 0 0 0 0 0 0 0 0 0 0
846 347 144 358 717 389 1968 1969 1970 0 0 0 0 0 0
72 214 1196 50 219 1971 1197 354 1972 0 0 0 0 0 0
305 182 97 1198 589 0 0 0 0 0 0 0 0 0 0
29 181 0 0 0 0 0 0 0 0 0 0 0 0 0
10 29 24 251 0 0 0 0 0 0 0 0 0 0 0
1199 41 1973 319 722 524 156 552 138 0 0 0 0 0 0
10 286 1200 78 272 138 723 590 1974 0 0 0 0 0 0
614 29 19 715 153 134 0 0 0 0 0 0 0 0 0
759 50 213 1201 1975 110 385 1202 0 0 0 0 0 0 0
106 1976 562 345 0 0 0 0 0 0 0 0 0 0 0
1977 1203 132 1204 0 0 0 0 0 0 0 0 0 0 0
468 157 440 1978 0 0 0 0 0 0 0 0 0 0 0
1205 129 866 185 353 1979 1980 901 193 491 882 1206 724 129 341
102 887 224 607 855 159 725 379 0 0 0 0 0 0 0
121 292 479 24 415 0 0 0 0 0 0 0 0 0 0
218 1981 200 388 230 0 0 0 0 0 0 0 0 0 0
197 33 0 0 0 0 0 0 0 0 0 0 0 0 0
62 347 391 1982 0 0 0 0 0 0 0 0 0 0 0
1209 19 843 496 726 162 587 825 0 0 0 0 0 0 0
531 1983 1984 88 718 111 46 1985 1210 0 0 0 0 0 0
136 168 10 1986 233 1211 0 0 0 0 0 0 0 0 0
140 661 591 160 104 497 1987 1988 1989 186 430 392 180 1990 839
261 1991 0 0 0 0 0 0 0 0 0 0 0 0 0
824 115 29 0 0 0 0 0 0 0 0 0 0 0 0
116 79 94 10 1992 89 89 0 0 0 0 0 0 0 0
1213 190 467 1214 163 399 74 190 134 130 0 0 0 0 0
1215 1993 477 61 1994 1995 1216 0 0 0 0 0 0 0 0
122 168 10 101 1996 262 592 1997 0 0 0 0 0 0 0
162 228 1998 288 512 10 0 0 0 0 0 0 0 0 0
124 1217 376 1999 230 427 0 0 0 0 0 0 0 0 0
29 723 59 120 226 71 50 816 0 0 0 0 0 0 0
902 1218 989 198 355 892 204 2000 2001 241 381 2002 0 0 0
436 180 889 26 74 239 1219 59 82 699 29 1220 0 0 0
446 370 109 196 2003 0 0 0 0 0 0 0 0 0 0
41 218 2004 137 1127 823 2005 903 2006 241 2007 580 0 0 0
92 2008 192 85 10 406 213 0 0 0 0 0 0 0 0
2009 331 0 0 0 0 0 0 0 0 0 0 0 0 0
244 2010 33 628 371 593 122 892 329 304 77 2011 160 140 2012
78 0 0 0 0 0 0 0 0 0 0 0 0 0 0
62 1221 85 0 0 0 0 0 0 0 0 0 0 0 0
2014 283 1222 515 2015 395 2016 2017 197 0 0 0 0 0 0
671 41 2018 0 0 0 0 0 0 0 0 0 0 0 0
194 2019 444 204 90 359 322 2020 844 695 0 0 0 0 0
148 637 266 33 477 499 0 0 0 0 0 0 0 0 0
33 108 61 904 154 187 177 0 0 0 0 0 0 0 0
2021 2022 432 300 297 140 71 238 1223 803 0 0 0 0 0
478 708 590 447 73 590 447 46 90 26 75 518 525 722 50
2023 1224 220 216 376 381 694 0 0 0 0 0 0 0 0
272 607 703 1225 905 214 2024 148 50 546 489 94 79 2025 46
126 33 461 0 0 0 0 0 0 0 0 0 0 0 0
2026 618 196 473 91 0 0 0 0 0 0 0 0 0 0
206 187 128 321 10 566 1227 0 0 0 0 0 0 0 0
124 491 1228 2027 840 2028 2029 105 172 840 0 0 0 0 0
266 404 26 385 676 199 2030 208 550 2031 0 0 0 0 0
70 1229 369 0 0 0 0 0 0 0 0 0 0 0 0
148 218 52 403 61 181 19 0 0 0 0 0 0 0 0
10 163 108 185 728 0 0 0 0 0 0 0 0 0 0
729 57 831 54 0 0 0 0 0 0 0 0 0 0 0
552 0 0 0 0 0 0 0 0 0 0 0 0 0 0
213 277 0 0 0 0 0 0 0 0 0 0 0 0 0
46 1151 123 573 2032 141 90 154 0 0 0 0 0 0 0
906 102 336 1230 716 463 42 1061 1231 146 1232 644 344 572 223
57 126 91 810 556 44 453 195 2033 0 0 0 0 0 0
907 149 160 26 189 2034 444 0 0 0 0 0 0 0 0
2035 2036 142 2037 2038 0 0 0 0 0 0 0 0 0 0
1233 161 2039 317 908 730 44 10 2040 26 595 225 1191 516 0
671 909 85 272 1234 1215 33 0 0 0 0 0 0 0 0
2041 1046 269 62 394 414 202 565 0 0 0 0 0 0 0
155 266 52 134 193 247 0 0 0 0 0 0 0 0 0
44 347 493 19 71 287 2042 2043 266 80 2044 2045 884 0 0
211 115 0 0 0 0 0 0 0 0 0 0 0 0 0
349 10 296 2046 376 166 0 0 0 0 0 0 0 0 0
2047 33 2048 1163 125 89 393 178 0 0 0 0 0 0 0
1198 2049 10 144 886 2050 226 2051 2052 122 879 596 304 837 2053
198 899 398 10 88 85 2058 0 0 0 0 0 0 0 0
156 412 597 571 71 314 465 598 10 24 287 1236 2059 0 0
2060 635 85 715 910 1237 760 910 1238 0 0 0 0 0 0
24 72 254 369 29 0 0 0 0 0 0 0 0 0 0
88 2061 2062 1070 481 210 188 88 336 2063 298 448 0 0 0
117 128 312 1037 526 117 229 0 0 0 0 0 0 0 0
221 911 2064 0 0 0 0 0 0 0 0 0 0 0 0
191 336 285 210 300 566 2065 245 1239 714 71 165 463 311 0
2066 33 395 0 0 0 0 0 0 0 0 0 0 0 0
24 387 0 0 0 0 0 0 0 0 0 0 0 0 0
108 0 0 0 0 0 0 0 0 0 0 0 0 0 0
141 26 270 115 19 19 42 0 0 0 0 0 0 0 0
117 54 153 2067 95 0 0 0 0 0 0 0 0 0 0
113 363 0 0 0 0 0 0 0 0 0 0 0 0 0
410 73 688 10 177 391 26 147 10 1240 0 0 0 0 0
255 104 145 391 329 867 0 0 0 0 0 0 0 0 0
10 2068 0 0 0 0 0 0 0 0 0 0 0 0 0
478 731 116 359 0 0 0 0 0 0 0 0 0 0 0
19 2069 329 1241 2070 912 719 0 0 0 0 0 0 0 0
295 57 149 26 203 306 1067 0 0 0 0 0 0 0 0
681 2071 144 71 77 348 2072 500 0 0 0 0 0 0 0
2073 186 366 419 2074 302 1242 186 913 2075 432 1243 120 270 1244
730 1017 207 280 1245 219 134 0 0 0 0 0 0 0 0
29 353 413 29 449 0 0 0 0 0 0 0 0 0 0
70 120 389 539 696 420 317 2076 2077 0 0 0 0 0 0
73 89 86 538 92 10 77 26 0 0 0 0 0 0 0
207 71 305 0 0 0 0 0 0 0 0 0 0 0 0
19 308 132 865 366 1246 0 0 0 0 0 0 0 0 0
26 303 877 1247 538 245 443 0 0 0 0 0 0 0 0
580 2078 997 334 591 665 213 1248 311 0 0 0 0 0 0
174 257 33 122 217 169 0 0 0 0 0 0 0 0 0
72 46 914 669 174 262 59 235 0 0 0 0 0 0 0
274 103 0 0 0 0 0 0 0 0 0 0 0 0 0
26 2079 92 0 0 0 0 0 0 0 0 0 0 0 0
2080 2081 909 781 577 203 0 0 0 0 0 0 0 0 0
397 2082 404 2083 206 915 424 231 80 332 1249 2084 789 2085 0
916 471 917 0 0 0 0 0 0 0 0 0 0 0 0
185 183 448 2086 2087 1250 0 0 0 0 0 0 0 0 0
221 351 2088 277 0 0 0 0 0 0 0 0 0 0 0
586 134 815 327 19 918 367 263 367 0 0 0 0 0 0
75 78 708 104 1035 372 265 2089 1186 173 2090 2091 0 0 0
228 390 146 80 231 52 693 80 2092 1251 2093 123 2094 0 0
313 962 90 2095 1252 325 181 1252 0 0 0 0 0 0 0
206 187 1227 167 308 0 0 0 0 0 0 0 0 0 0
57 215 91 0 0 0 0 0 0 0 0 0 0 0 0
861 1253 2096 0 0 0 0 0 0 0 0 0 0 0 0
257 10 427 919 920 2097 24 762 1254 2098 919 2099 289 2100 350
44 2103 70 2104 33 50 2105 199 59 2106 125 0 0 0 0
381 1144 2107 2108 10 135 325 90 2109 2110 0 0 0 0 0
79 254 52 0 0 0 0 0 0 0 0 0 0 0 0
46 50 397 0 0 0 0 0 0 0 0 0 0 0 0
10 29 585 258 0 0 0 0 0 0 0 0 0 0 0
110 153 487 1255 515 599 683 327 10 0 0 0 0 0 0
385 19 1256 123 2111 1132 732 0 0 0 0 0 0 0 0
124 137 1257 166 349 137 691 429 0 0 0 0 0 0 0
2112 1258 2113 2114 19 161 29 61 0 0 0 0 0 0 0
2115 868 216 185 499 50 0 0 0 0 0 0 0 0 0
136 733 159 125 422 0 0 0 0 0 0 0 0 0 0
922 530 0 0 0 0 0 0 0 0 0 0 0 0 0
155 41 10 138 236 124 0 0 0 0 0 0 0 0 0
29 115 33 94 79 0 0 0 0 0 0 0 0 0 0
130 117 2116 1259 923 675 0 0 0 0 0 0 0 0 0
285 2117 19 2118 2119 828 1178 2120 634 924 0 0 0 0 0
2121 175 255 145 2122 281 180 0 0 0 0 0 0 0 0
42 421 2123 238 888 41 692 1260 2124 142 1261 280 0 0 0
1030 734 336 905 2125 2126 0 0 0 0 0 0 0 0 0
414 2127 157 24 57 71 91 386 2128 2129 460 424 0 0 0
359 2130 299 2131 0 0 0 0 0 0 0 0 0 0 0
477 584 594 2132 41 490 70 2133 2134 50 1264 199 210 2135 1265
29 168 10 24 473 0 0 0 0 0 0 0 0 0 0
535 182 75 301 159 167 2136 198 0 0 0 0 0 0 0
141 766 562 619 137 145 925 101 0 0 0 0 0 0 0
88 707 459 97 10 596 26 0 0 0 0 0 0 0 0
2137 1266 142 439 19 117 0 0 0 0 0 0 0 0 0
166 174 82 50 42 71 50 2138 0 0 0 0 0 0 0
429 2139 155 73 1160 148 592 0 0 0 0 0 0 0 0
194 61 110 183 155 202 54 811 106 0 0 0 0 0 0
858 504 926 165 660 0 0 0 0 0 0 0 0 0 0
781 26 801 350 611 2140 0 0 0 0 0 0 0 0 0
261 2141 311 0 0 0 0 0 0 0 0 0 0 0 0
72 612 2142 784 155 202 249 41 2143 317 0 0 0 0 0
26 351 29 10 2144 24 538 86 0 0 0 0 0 0 0
156 50 190 458 108 2145 192 502 927 2146 0 0 0 0 0
73 1060 194 61 0 0 0 0 0 0 0 0 0 0 0
341 261 26 724 211 104 0 0 0 0 0 0 0 0 0
698 1062 2147 1267 1268 225 0 0 0 0 0 0 0 0 0
102 2148 24 2149 10 2150 0 0 0 0 0 0 0 0 0
2151 2152 255 2153 0 0 0 0 0 0 0 0 0 0 0
369 113 24 211 29 0 0 0 0 0 0 0 0 0 0
735 369 19 633 884 563 2154 0 0 0 0 0 0 0 0
24 82 94 689 0 0 0 0 0 0 0 0 0 0 0
532 337 155 928 2155 2156 155 928 1269 2157 971 0 0 0 0
1270 2158 1254 282 593 80 2159 294 320 0 0 0 0 0 0
1096 2160 1162 658 0 0 0 0 0 0 0 0 0 0 0
749 1271 233 1211 304 0 0 0 0 0 0 0 0 0 0
250 113 2161 10 1272 414 92 1273 220 74 239 2162 10 92 0
778 19 504 329 216 350 2163 134 0 0 0 0 0 0 0
74 239 95 0 0 0 0 0 0 0 0 0 0 0 0
54 0 0 0 0 0 0 0 0 0 0 0 0 0 0
662 1272 142 115 10 0 0 0 0 0 0 0 0 0 0
133 70 469 287 41 368 232 2164 929 2165 133 29 140 453 59
735 930 89 168 10 169 0 0 0 0 0 0 0 0 0
2166 202 541 238 574 85 0 0 0 0 0 0 0 0 0
133 2167 922 74 0 0 0 0 0 0 0 0 0 0 0
1079 2168 651 2169 700 134 325 2170 0 0 0 0 0 0 0
334 579 82 678 2171 2172 0 0 0 0 0 0 0 0 0
315 0 0 0 0 0 0 0 0 0 0 0 0 0 0
595 121 2173 153 193 166 2174 109 0 0 0 0 0 0 0
104 2175 1274 662 173 931 1083 0 0 0 0 0 0 0 0
141 113 736 107 1093 42 869 797 2176 0 0 0 0 0 0
130 125 258 0 0 0 0 0 0 0 0 0 0 0 0
896 2177 2178 0 0 0 0 0 0 0 0 0 0 0 0
10 135 932 933 387 1078 2179 2180 2181 2182 0 0 0 0 0
95 2183 379 10 677 1073 10 464 455 0 0 0 0 0 0
126 410 42 54 0 0 0 0 0 0 0 0 0 0 0
19 77 2184 1275 1276 587 33 10 0 0 0 0 0 0 0
46 339 851 0 0 0 0 0 0 0 0 0 0 0 0
505 2185 506 380 586 319 2186 257 0 0 0 0 0 0 0
46 42 0 0 0 0 0 0 0 0 0 0 0 0 0
110 194 161 533 103 0 0 0 0 0 0 0 0 0 0
228 336 132 996 907 2187 146 132 876 54 159 190 1277 70 231
319 2188 405 94 521 2189 452 2190 448 0 0 0 0 0 0
2191 24 434 46 934 0 0 0 0 0 0 0 0 0 0
59 918 750 1247 1224 343 1278 0 0 0 0 0 0 0 0
328 2192 230 935 0 0 0 0 0 0 0 0 0 0 0
101 2193 230 0 0 0 0 0 0 0 0 0 0 0 0
24 44 57 323 526 121 1279 0 0 0 0 0 0 0 0
274 274 578 1075 2194 0 0 0 0 0 0 0 0 0 0
105 219 2195 2196 0 0 0 0 0 0 0 0 0 0 0
471 59 936 0 0 0 0 0 0 0 0 0 0 0 0
390 146 2197 272 331 42 2198 1280 1280 0 0 0 0 0 0
191 1281 1282 29 10 382 494 262 235 856 116 2199 2200 1038 565
342 488 176 109 285 374 26 120 472 2201 596 0 0 0 0
250 568 344 2202 732 1283 566 595 641 86 0 0 0 0 0
309 649 405 160 324 141 75 78 1284 540 1285 184 2203 2204 2205
361 251 285 898 2207 829 0 0 0 0 0 0 0 0 0
117 268 2208 384 417 54 0 0 0 0 0 0 0 0 0
199 54 489 0 0 0 0 0 0 0 0 0 0 0 0
29 19 0 0 0 0 0 0 0 0 0 0 0 0 0
535 925 494 419 97 82 26 0 0 0 0 0 0 0 0
247 2209 166 549 1169 2210 115 111 1157 799 185 19 324 725 2211
388 525 2215 1289 158 334 339 0 0 0 0 0 0 0 0
899 512 24 0 0 0 0 0 0 0 0 0 0 0 0
2216 214 157 97 790 261 356 209 33 206 0 0 0 0 0
306 160 0 0 0 0 0 0 0 0 0 0 0 0 0
531 187 286 2217 70 41 2218 2219 1202 10 762 652 504 387 0
2220 59 937 384 836 2221 59 754 257 140 235 116 0 0 0
209 630 33 442 2222 938 74 630 449 92 0 0 0 0 0
105 141 0 0 0 0 0 0 0 0 0 0 0 0 0
19 57 123 89 275 504 356 156 1290 448 24 0 0 0 0
2223 2224 2225 723 939 264 737 704 2226 418 328 262 1156 2227 2228
42 46 277 187 46 50 0 0 0 0 0 0 0 0 0
1200 95 26 2230 2231 2232 292 121 2233 2234 0 0 0 0 0
2235 397 2236 589 252 62 441 289 0 0 0 0 0 0 0
44 2237 177 174 0 0 0 0 0 0 0 0 0 0 0
180 19 101 2238 341 0 0 0 0 0 0 0 0 0 0
735 42 273 19 0 0 0 0 0 0 0 0 0 0 0
581 246 1291 521 918 2239 360 2240 0 0 0 0 0 0 0
768 72 26 202 574 0 0 0 0 0 0 0 0 0 0
2241 532 934 207 447 1179 173 2242 189 2243 970 220 2244 445 2245
10 773 126 101 2246 755 0 0 0 0 0 0 0 0 0
116 132 2247 0 0 0 0 0 0 0 0 0 0 0 0
46 120 518 191 1292 115 10 290 231 490 0 0 0 0 0
615 436 59 2248 609 376 0 0 0 0 0 0 0 0 0
1258 2249 385 349 233 583 507 273 0 0 0 0 0 0 0
2250 687 196 46 528 2251 24 415 0 0 0 0 0 0 0
186 133 70 253 207 0 0 0 0 0 0 0 0 0 0
880 331 934 441 46 90 902 441 0 0 0 0 0 0 0
59 940 295 2252 613 554 738 0 0 0 0 0 0 0 0
46 0 0 0 0 0 0 0 0 0 0 0 0 0 0
707 168 33 42 162 167 0 0 0 0 0 0 0 0 0
2253 190 70 1265 103 0 0 0 0 0 0 0 0 0 0
2254 558 90 2255 0 0 0 0 0 0 0 0 0 0 0
481 2256 90 1023 0 0 0 0 0 0 0 0 0 0 0
10 29 24 524 1289 0 0 0 0 0 0 0 0 0 0
88 632 44 293 10 0 0 0 0 0 0 0 0 0 0
2257 184 302 286 41 1269 372 1116 0 0 0 0 0 0 0
116 79 94 885 689 0 0 0 0 0 0 0 0 0 0
77 186 176 0 0 0 0 0 0 0 0 0 0 0 0
346 462 0 0 0 0 0 0 0 0 0 0 0 0 0
470 19 216 82 1183 26 2258 0 0 0 0 0 0 0 0
236 2259 673 113 733 19 26 75 0 0 0 0 0 0 0
10 221 24 941 1293 439 116 116 116 79 157 50 234 50 236
110 826 1177 1294 797 59 2260 1295 942 260 2261 343 2262 932 933
124 340 130 817 661 0 0 0 0 0 0 0 0 0 0
182 415 2264 1129 1296 519 95 181 0 0 0 0 0 0 0
331 42 19 26 107 0 0 0 0 0 0 0 0 0 0
10 296 128 2265 29 0 0 0 0 0 0 0 0 0 0
2266 187 162 71 199 54 1297 0 0 0 0 0 0 0 0
393 2267 0 0 0 0 0 0 0 0 0 0 0 0 0
215 91 2268 75 0 0 0 0 0 0 0 0 0 0 0
1298 142 24 263 442 154 571 0 0 0 0 0 0 0 0
184 290 134 403 515 2269 2270 2271 186 2272 1239 0 0 0 0
456 77 344 275 52 10 130 678 0 0 0 0 0 0 0
24 2273 2274 79 722 165 59 2275 107 2276 873 0 0 0 0
339 188 926 423 202 259 2277 221 668 2278 24 2279 2280 2281 2282
10 26 29 449 19 2285 29 0 0 0 0 0 0 0 0
1299 2286 261 1108 1283 1000 0 0 0 0 0 0 0 0 0
19 26 1192 873 2287 495 290 2288 2289 123 154 168 10 50 984
824 1271 82 943 42 406 129 29 115 10 95 0 0 0 0
2290 95 196 26 0 0 0 0 0 0 0 0 0 0 0
373 379 0 0 0 0 0 0 0 0 0 0 0 0 0
24 26 95 944 909 0 0 0 0 0 0 0 0 0 0
184 108 193 658 0 0 0 0 0 0 0 0 0 0 0
105 50 850 0 0 0 0 0 0 0 0 0 0 0 0
876 33 1300 2291 505 2292 199 54 1107 85 272 0 0 0 0
714 41 113 2293 107 739 2294 403 986 26 19 2295 0 0 0
295 33 312 229 259 0 0 0 0 0 0 0 0 0 0
307 287 41 222 2296 1301 300 0 0 0 0 0 0 0 0
674 284 86 61 0 0 0 0 0 0 0 0 0 0 0
121 109 176 0 0 0 0 0 0 0 0 0 0 0 0
1302 177 214 128 583 0 0 0 0 0 0 0 0 0 0
24 246 0 0 0 0 0 0 0 0 0 0 0 0 0
2297 167 1173 516 240 0 0 0 0 0 0 0 0 0 0
10 160 2298 307 73 245 147 33 0 0 0 0 0 0 0
1298 80 1303 593 33 946 459 156 299 275 140 645 124 208 97
295 801 89 1306 0 0 0 0 0 0 0 0 0 0 0
194 61 110 299 80 1307 231 697 0 0 0 0 0 0 0
224 2300 559 130 381 10 176 307 133 70 854 915 44 446 0
70 141 29 10 1308 29 24 2301 19 509 0 0 0 0 0
88 71 287 2302 194 1222 910 1237 711 0 0 0 0 0 0
10 82 600 104 275 2303 0 0 0 0 0 0 0 0 0
88 417 2304 82 202 54 172 0 0 0 0 0 0 0 0
2305 2306 599 161 1309 832 1310 1029 283 0 0 0 0 0 0
2307 2308 465 556 1311 994 407 233 160 92 0 0 0 0 0
10 189 160 0 0 0 0 0 0 0 0 0 0 0 0
91 547 392 2309 2310 249 497 0 0 0 0 0 0 0 0
208 898 558 928 95 740 2311 2312 2313 173 278 78 1312 1313 343
124 328 2314 138 173 170 328 337 0 0 0 0 0 0 0
2315 313 661 52 196 59 207 597 2316 571 2317 348 0 0 0
41 1182 488 46 323 33 90 611 259 478 522 33 334 2318 116
354 122 217 169 400 181 89 10 109 111 311 61 741 818 318
720 393 2319 10 338 0 0 0 0 0 0 0 0 0 0
947 134 280 46 941 0 0 0 0 0 0 0 0 0 0
1314 644 1315 123 0 0 0 0 0 0 0 0 0 0 0
340 1316 2320 306 365 111 0 0 0 0 0 0 0 0 0
57 416 204 1086 2321 320 1082 121 0 0 0 0 0 0 0
976 251 534 687 0 0 0 0 0 0 0 0 0 0 0
82 78 107 82 238 888 574 0 0 0 0 0 0 0 0
138 80 1317 1101 1318 2322 0 0 0 0 0 0 0 0 0
2323 104 942 241 104 2324 173 1319 2325 90 2326 2327 324 44 89
183 2328 94 722 453 263 428 2329 620 2330 2331 1206 2332 2333 0
484 485 251 362 172 104 128 140 46 178 2334 189 72 2335 777
123 89 301 289 89 86 0 0 0 0 0 0 0 0 0
105 50 123 89 210 103 495 154 237 365 2336 0 0 0 0
10 1320 2337 0 0 0 0 0 0 0 0 0 0 0 0
221 685 259 578 796 0 0 0 0 0 0 0 0 0 0
834 467 399 207 399 80 0 0 0 0 0 0 0 0 0
2338 77 244 26 19 42 0 0 0 0 0 0 0 0 0
10 104 78 585 258 0 0 0 0 0 0 0 0 0 0
2339 2340 407 742 427 2341 0 0 0 0 0 0 0 0 0
178 2342 332 2343 675 2344 0 0 0 0 0 0 0 0 0
138 220 173 264 2345 2346 0 0 0 0 0 0 0 0 0
551 10 296 175 232 33 2347 0 0 0 0 0 0 0 0
29 94 24 379 326 379 373 95 129 0 0 0 0 0 0
380 187 177 181 1210 108 904 0 0 0 0 0 0 0 0
209 536 2348 73 144 588 1321 108 0 0 0 0 0 0 0
646 647 59 108 185 2349 50 268 768 147 0 0 0 0 0
46 389 19 2350 310 104 447 2351 26 115 0 0 0 0 0
616 2352 10 180 2353 645 2354 19 0 0 0 0 0 0 0
29 259 19 227 101 50 921 2355 80 128 2356 563 360 0 0
101 608 742 657 0 0 0 0 0 0 0 0 0 0 0
79 514 216 355 61 0 0 0 0 0 0 0 0 0 0
443 191 207 2357 2358 679 2359 2360 0 0 0 0 0 0 0
75 547 1322 29 92 106 233 226 373 82 405 402 0 0 0
59 253 41 44 2361 0 0 0 0 0 0 0 0 0 0
290 795 62 2362 195 2363 2364 2365 0 0 0 0 0 0 0
24 105 2366 209 19 1290 2367 128 725 594 743 2368 2369 44 33
44 174 111 770 0 0 0 0 0 0 0 0 0 0 0
10 406 26 507 244 800 19 42 0 0 0 0 0 0 0
536 46 73 451 1323 163 2370 0 0 0 0 0 0 0 0
599 2371 1232 356 290 202 1104 70 79 180 1242 52 0 0 0
709 122 2372 644 111 699 252 44 62 1009 154 0 0 0 0
110 194 161 190 610 2373 211 327 0 0 0 0 0 0 0
402 1276 0 0 0 0 0 0 0 0 0 0 0 0 0
948 126 42 54 0 0 0 0 0 0 0 0 0 0 0
19 534 307 0 0 0 0 0 0 0 0 0 0 0 0
184 604 117 180 872 1235 943 203 0 0 0 0 0 0 0
86 1137 102 323 50 0 0 0 0 0 0 0 0 0 0
209 57 91 42 54 0 0 0 0 0 0 0 0 0 0
601 57 42 0 0 0 0 0 0 0 0 0 0 0 0
999 203 185 61 0 0 0 0 0 0 0 0 0 0 0
872 337 41 2374 1080 2375 213 582 2376 1053 103 0 0 0 0
75 149 26 377 0 0 0 0 0 0 0 0 0 0 0
372 2377 61 2378 111 712 10 0 0 0 0 0 0 0 0
508 214 109 354 351 629 655 312 633 0 0 0 0 0 0
175 149 26 0 0 0 0 0 0 0 0 0 0 0 0
2379 59 705 1324 507 2380 356 433 428 137 619 1136 949 140 124
126 195 174 0 0 0 0 0 0 0 0 0 0 0 0
234 311 44 57 1226 2381 1225 905 77 263 0 0 0 0 0
446 189 1325 436 229 2382 992 487 1097 392 1310 2383 2384 2385 0
2386 2387 1314 736 0 0 0 0 0 0 0 0 0 0 0
697 184 264 82 434 0 0 0 0 0 0 0 0 0 0
634 924 2388 424 2389 0 0 0 0 0 0 0 0 0 0
70 2390 10 46 339 46 1249 2391 864 266 78 10 440 0 0
86 345 0 0 0 0 0 0 0 0 0 0 0 0 0
1181 19 42 141 2392 525 0 0 0 0 0 0 0 0 0
927 29 24 29 10 292 121 649 29 572 0 0 0 0 0
10 370 680 0 0 0 0 0 0 0 0 0 0 0 0
833 19 265 0 0 0 0 0 0 0 0 0 0 0 0
462 24 345 10 2393 102 1092 0 0 0 0 0 0 0 0
46 280 42 273 0 0 0 0 0 0 0 0 0 0 0
24 246 2394 59 704 236 2395 0 0 0 0 0 0 0 0
314 54 300 146 573 0 0 0 0 0 0 0 0 0 0
136 2396 1027 1028 0 0 0 0 0 0 0 0 0 0 0
124 396 949 260 140 115 878 59 253 117 115 0 0 0 0
86 26 0 0 0 0 0 0 0 0 0 0 0 0 0
567 1326 282 948 155 389 165 448 2397 2398 161 1326 282 948 0
161 457 806 424 319 232 2399 2400 351 2401 2402 72 2403 0 0
368 522 1161 2404 0 0 0 0 0 0 0 0 0 0 0
866 101 2405 2406 1327 592 85 0 0 0 0 0 0 0 0
59 86 214 163 50 147 472 510 0 0 0 0 0 0 0
209 266 597 0 0 0 0 0 0 0 0 0 0 0 0
914 202 178 1167 332 2407 2408 1149 0 0 0 0 0 0 0
74 303 294 399 223 82 91 216 90 569 511 199 825 0 0
72 501 107 78 291 931 803 0 0 0 0 0 0 0 0
19 29 0 0 0 0 0 0 0 0 0 0 0 0 0
19 70 288 237 598 10 634 499 1300 2409 2410 926 0 0 0
10 26 29 108 116 298 283 0 0 0 0 0 0 0 0
2411 464 555 0 0 0 0 0 0 0 0 0 0 0 0
126 29 203 113 2412 227 0 0 0 0 0 0 0 0 0
270 10 393 24 625 50 575 101 2413 490 0 0 0 0 0
33 125 2414 0 0 0 0 0 0 0 0 0 0 0 0
506 380 0 0 0 0 0 0 0 0 0 0 0 0 0
10 251 177 10 1031 0 0 0 0 0 0 0 0 0 0
929 561 158 218 154 488 2415 807 2416 0 0 0 0 0 0
161 1328 208 374 107 175 78 105 2417 445 1329 57 0 0 0
54 0 0 0 0 0 0 0 0 0 0 0 0 0 0
2418 605 70 146 0 0 0 0 0 0 0 0 0 0 0
1330 133 2419 0 0 0 0 0 0 0 0 0 0 0 0
798 425 344 203 333 10 2420 911 102 0 0 0 0 0 0
71 0 0 0 0 0 0 0 0 0 0 0 0 0 0
350 611 2421 26 723 0 0 0 0 0 0 0 0 0 0
46 982 2422 70 0 0 0 0 0 0 0 0 0 0 0
2423 508 1100 62 24 181 73 2424 111 0 0 0 0 0 0
216 10 72 703 2425 1141 172 41 178 41 0 0 0 0 0
743 624 2426 138 26 72 0 0 0 0 0 0 0 0 0
46 50 2427 193 2428 0 0 0 0 0 0 0 0 0 0
46 2429 19 2430 2431 101 602 502 146 502 2432 2433 0 0 0
41 2434 309 1284 193 2435 476 2436 2437 2438 0 0 0 0 0
2439 1331 0 0 0 0 0 0 0 0 0 0 0 0 0
672 197 0 0 0 0 0 0 0 0 0 0 0 0 0
2440 95 382 1331 1184 297 2441 0 0 0 0 0 0 0 0
294 2442 2443 294 2444 740 175 435 0 0 0 0 0 0 0
1332 2445 2446 1332 278 0 0 0 0 0 0 0 0 0 0
326 332 50 2447 495 70 33 113 2448 715 0 0 0 0 0
1321 2449 1171 72 637 133 122 2450 2451 843 101 0 0 0 0
1081 137 211 52 144 0 0 0 0 0 0 0 0 0 0
24 501 744 0 0 0 0 0 0 0 0 0 0 0 0
1333 57 135 413 2452 819 107 745 41 2453 2454 654 0 0 0
129 387 0 0 0 0 0 0 0 0 0 0 0 0 0
2455 2456 260 653 0 0 0 0 0 0 0 0 0 0 0
97 691 1302 24 2457 157 0 0 0 0 0 0 0 0 0
1334 77 90 736 103 0 0 0 0 0 0 0 0 0 0
765 2458 101 636 794 906 326 291 272 2459 0 0 0 0 0
77 29 449 595 117 229 576 862 0 0 0 0 0 0 0
366 41 19 2460 41 70 2461 493 0 0 0 0 0 0 0
729 44 2462 2463 57 42 2464 0 0 0 0 0 0 0 0
258 696 2465 706 0 0 0 0 0 0 0 0 0 0 0
42 771 195 46 141 1112 199 2466 89 19 0 0 0 0 0
2467 371 183 135 0 0 0 0 0 0 0 0 0 0 0
1049 502 802 591 341 349 431 232 0 0 0 0 0 0 0
2468 50 196 183 1084 225 52 499 106 0 0 0 0 0 0
286 59 2469 237 558 882 230 878 0 0 0 0 0 0 0
2470 142 702 46 339 2471 0 0 0 0 0 0 0 0 0
57 42 54 2472 0 0 0 0 0 0 0 0 0 0 0
581 113 1335 2473 342 564 107 0 0 0 0 0 0 0 0
347 223 10 1139 24 0 0 0 0 0 0 0 0 0 0
72 2474 2475 793 344 259 132 0 0 0 0 0 0 0 0
174 212 10 1336 2476 137 19 0 0 0 0 0 0 0 0
468 183 534 157 175 105 625 52 0 0 0 0 0 0 0
105 2477 89 0 0 0 0 0 0 0 0 0 0 0 0
73 646 647 2478 33 108 0 0 0 0 0 0 0 0 0
10 135 57 187 73 2479 33 783 600 89 0 0 0 0 0
126 108 121 0 0 0 0 0 0 0 0 0 0 0 0
72 128 163 135 441 19 0 0 0 0 0 0 0 0 0
2480 2481 1303 432 80 469 784 486 469 190 80 2482 852 1034 409
848 115 95 92 0 0 0 0 0 0 0 0 0 0 0
2483 117 29 2484 128 2485 373 0 0 0 0 0 0 0 0
731 338 701 266 106 10 937 136 0 0 0 0 0 0 0
870 1337 576 109 686 2486 2487 620 108 332 0 0 0 0 0
136 358 75 600 26 265 0 0 0 0 0 0 0 0 0
110 969 116 80 73 144 105 280 182 421 569 2488 0 0 0
46 19 228 828 0 0 0 0 0 0 0 0 0 0 0
2489 221 1338 0 0 0 0 0 0 0 0 0 0 0 0
250 77 2490 2491 1246 0 0 0 0 0 0 0 0 0 0
307 1147 203 82 506 920 0 0 0 0 0 0 0 0 0
44 71 2492 0 0 0 0 0 0 0 0 0 0 0 0
10 29 270 0 0 0 0 0 0 0 0 0 0 0 0
489 2493 2494 1339 282 371 2495 2496 52 0 0 0 0 0 0
122 217 97 2497 19 208 97 771 165 199 26 0 0 0 0
10 598 62 254 24 170 2498 71 42 54 0 0 0 0 0
104 447 175 170 106 0 0 0 0 0 0 0 0 0 0
252 212 340 19 165 289 431 360 2499 2500 1251 340 2501 2502 487
313 299 183 138 2505 106 2506 282 0 0 0 0 0 0 0
88 2507 97 24 82 296 0 0 0 0 0 0 0 0 0
197 0 0 0 0 0 0 0 0 0 0 0 0 0 0
1146 10 26 121 236 333 74 239 0 0 0 0 0 0 0
72 940 326 2508 116 474 10 1341 97 0 0 0 0 0 0
145 415 147 220 2509 457 0 0 0 0 0 0 0 0 0
1342 1307 2510 307 508 208 307 624 2511 2512 29 449 1311 2513 972
153 138 2517 2518 452 674 0 0 0 0 0 0 0 0 0
2519 438 148 2520 776 0 0 0 0 0 0 0 0 0 0
499 1261 0 0 0 0 0 0 0 0 0 0 0 0 0
183 577 853 979 0 0 0 0 0 0 0 0 0 0 0
115 126 29 370 2521 0 0 0 0 0 0 0 0 0 0
231 293 318 2522 383 1193 188 2523 33 2524 1207 2525 299 0 0
73 2526 2527 159 921 19 90 524 0 0 0 0 0 0 0
19 1343 142 0 0 0 0 0 0 0 0 0 0 0 0
88 378 97 153 44 2528 169 0 0 0 0 0 0 0 0
126 215 470 0 0 0 0 0 0 0 0 0 0 0 0
10 221 930 1344 2529 2530 2531 0 0 0 0 0 0 0 0
270 168 2532 86 0 0 0 0 0 0 0 0 0 0 0
345 19 0 0 0 0 0 0 0 0 0 0 0 0 0
148 273 309 138 230 204 106 477 294 74 285 374 0 0 0
717 90 348 41 947 388 10 0 0 0 0 0 0 0 0
2533 259 733 33 0 0 0 0 0 0 0 0 0 0 0
170 210 103 734 0 0 0 0 0 0 0 0 0 0 0
113 33 234 26 19 883 1345 134 2534 338 2535 0 0 0 0
630 74 239 2536 79 94 438 2537 1219 59 384 52 417 54 0
263 560 42 799 2538 2539 0 0 0 0 0 0 0 0 0
24 74 303 221 296 2540 1318 0 0 0 0 0 0 0 0
46 178 1203 41 0 0 0 0 0 0 0 0 0 0 0
183 1335 467 74 110 92 10 0 0 0 0 0 0 0 0
88 487 97 327 0 0 0 0 0 0 0 0 0 0 0
1346 145 26 0 0 0 0 0 0 0 0 0 0 0 0
108 86 0 0 0 0 0 0 0 0 0 0 0 0 0
88 419 301 484 485 117 198 0 0 0 0 0 0 0 0
136 74 173 78 365 628 400 136 1347 0 0 0 0 0 0
175 2541 115 160 2542 0 0 0 0 0 0 0 0 0 0
900 337 345 0 0 0 0 0 0 0 0 0 0 0 0
215 91 29 363 95 129 24 0 0 0 0 0 0 0 0
75 26 144 0 0 0 0 0 0 0 0 0 0 0 0
